37.45335802	24.94147683	129.8998794	2009-04-25T07:24:19Z
37.45344303	24.94141005	136.6998794	2009-04-25T07:24:31Z
37.45360685	24.94132333	136.8998794	2009-04-25T07:24:42Z
37.45364322	24.94128912	126.9998794	2009-04-25T07:24:54Z
37.45369365	24.9412654	127.0998794	2009-04-25T07:25:06Z
37.45375227	24.94119023	132.8998794	2009-04-25T07:25:18Z
37.45382737	24.94112858	140.8998794	2009-04-25T07:25:29Z
37.45390525	24.94107252	146.5998794	2009-04-25T07:25:41Z
37.45398338	24.94101167	149.3998794	2009-04-25T07:25:52Z
37.4540615	24.94094393	154.2998794	2009-04-25T07:26:04Z
37.45415517	24.94088062	157.5998794	2009-04-25T07:26:16Z
37.45426202	24.94087317	159.0998794	2009-04-25T07:26:28Z
37.45430327	24.94084782	162.7998794	2009-04-25T07:26:40Z
37.45438567	24.94083748	164.5998794	2009-04-25T07:26:52Z
37.45446858	24.94083628	166.7998794	2009-04-25T07:27:03Z
37.45457012	24.94084812	167.5998794	2009-04-25T07:27:15Z
37.45462422	24.94085957	169.7998794	2009-04-25T07:27:27Z
37.45468663	24.94085768	170.4998794	2009-04-25T07:27:38Z
37.4546963	24.94082327	168.3998794	2009-04-25T07:27:50Z
37.4546949	24.94079212	169.5998794	2009-04-25T07:28:01Z
37.454695	24.94078333	169.7998794	2009-04-25T07:28:12Z
37.4546974	24.94078202	169.8998794	2009-04-25T07:28:24Z
37.45470623	24.94080445	169.1998794	2009-04-25T07:28:36Z
37.45470678	24.94082038	169.6998794	2009-04-25T07:28:48Z
37.45471047	24.94082737	169.3998794	2009-04-25T07:29:00Z
37.45478437	24.94083688	173.7998794	2009-04-25T07:29:11Z
37.45491513	24.94081017	175.0998794	2009-04-25T07:29:23Z
37.45504397	24.94077705	176.3998794	2009-04-25T07:29:35Z
37.45515437	24.94074903	177.1998794	2009-04-25T07:29:46Z
37.45524943	24.94068263	177.8998794	2009-04-25T07:29:58Z
37.45533132	24.94064843	178.9998794	2009-04-25T07:30:07Z
37.4554605	24.940609	179.4998794	2009-04-25T07:30:21Z
37.45554377	24.94058162	180.4998794	2009-04-25T07:30:32Z
37.45562115	24.94056483	181.9998794	2009-04-25T07:30:44Z
37.45565412	24.94057433	185.6998794	2009-04-25T07:30:56Z
37.45569985	24.94058493	186.7998794	2009-04-25T07:31:07Z
37.45577533	24.94055593	188.1998794	2009-04-25T07:31:19Z
37.45585282	24.94052757	190.4998794	2009-04-25T07:31:30Z
37.45591133	24.94050547	191.4998794	2009-04-25T07:31:42Z
37.4560244	24.94049995	192.5998794	2009-04-25T07:31:54Z
37.45613043	24.94050728	193.5998794	2009-04-25T07:32:05Z
37.45622417	24.94056763	193.4998794	2009-04-25T07:32:17Z
37.4563225	24.94066662	194.4998794	2009-04-25T07:32:28Z
37.45645413	24.94070163	193.5998794	2009-04-25T07:32:40Z
37.45654935	24.94072315	194.7998794	2009-04-25T07:32:52Z
37.45662757	24.94075373	195.7998794	2009-04-25T07:33:03Z
37.4567319	24.94079448	195.9998794	2009-04-25T07:33:15Z
37.45681197	24.94081863	197.6998794	2009-04-25T07:33:26Z
37.45683037	24.94083703	200.4998794	2009-04-25T07:33:38Z
37.45689923	24.94081698	202.6998794	2009-04-25T07:33:50Z
37.45695268	24.94083412	204.0998794	2009-04-25T07:34:02Z
37.45699678	24.94085293	206.5998794	2009-04-25T07:34:14Z
37.4570243	24.94088823	211.7998794	2009-04-25T07:34:53Z
37.45702458	24.94088397	211.5998794	2009-04-25T07:34:57Z
37.45702542	24.9407251	214.8998794	2009-04-25T07:35:18Z
37.45696257	24.94066702	218.1998794	2009-04-25T07:35:30Z
37.45695808	24.94060525	222.8998794	2009-04-25T07:35:41Z
37.45697138	24.94051658	225.0998794	2009-04-25T07:35:53Z
37.45700095	24.9404413	227.4998794	2009-04-25T07:36:04Z
37.45702365	24.94036017	229.7998794	2009-04-25T07:36:16Z
37.4619563	24.93567742	330.9998794	2009-04-25T07:50:29Z
37.4619843	24.93570067	330.8998794	2009-04-25T07:50:41Z
37.46199153	24.93570395	331.0998794	2009-04-25T07:50:52Z
37.4619975	24.9357007	330.8998794	2009-04-25T07:51:03Z
37.4620036	24.93570173	331.3998794	2009-04-25T07:51:14Z
37.46201513	24.93569828	331.4998794	2009-04-25T07:51:25Z
37.46213168	24.93562327	332.4998794	2009-04-25T07:51:37Z
37.46225123	24.93556362	334.1998794	2009-04-25T07:51:48Z
37.46238588	24.93552595	333.8998794	2009-04-25T07:52:00Z
37.4625	24.93549842	333.0998794	2009-04-25T07:52:11Z
37.46259668	24.93546975	334.2998794	2009-04-25T07:52:23Z
37.4627051	24.93544822	334.4998794	2009-04-25T07:52:35Z
37.46272608	24.93543632	333.2998794	2009-04-25T07:52:46Z
37.46281012	24.93541528	333.7998794	2009-04-25T07:52:58Z
37.46282155	24.93544185	332.7998794	2009-04-25T07:53:10Z
37.4628149	24.93544837	333.3998794	2009-04-25T07:53:21Z
37.4628158	24.935445	333.7998794	2009-04-25T07:53:32Z
37.46281722	24.93544955	333.8998794	2009-04-25T07:53:44Z
37.4628176	24.93544817	333.8998794	2009-04-25T07:53:55Z
37.46292662	24.93540968	335.3998794	2009-04-25T07:54:07Z
37.4630052	24.93538883	335.5998794	2009-04-25T07:54:18Z
37.46309295	24.9353302	334.7998794	2009-04-25T07:54:30Z
37.4631008	24.93534607	334.9998794	2009-04-25T07:54:42Z
37.4631033	24.93534455	334.3998794	2009-04-25T07:54:54Z
37.46321502	24.93534568	332.8998794	2009-04-25T07:55:05Z
37.46331142	24.93530992	332.3998794	2009-04-25T07:55:17Z
37.46338512	24.93530568	332.1998794	2009-04-25T07:55:29Z
37.46347472	24.93529843	331.1998794	2009-04-25T07:55:40Z
37.46357703	24.93528142	332.2998794	2009-04-25T07:55:52Z
37.46365857	24.9352781	332.6998794	2009-04-25T07:56:04Z
37.46379557	24.93527342	332.0998794	2009-04-25T07:56:16Z
37.46391798	24.93524952	332.7998794	2009-04-25T07:56:28Z
37.4640246	24.93525277	334.3998794	2009-04-25T07:56:39Z
37.46403572	24.93522095	337.1998794	2009-04-25T07:56:50Z
37.46404595	24.93522513	336.8998794	2009-04-25T07:57:02Z
37.46414238	24.93522613	336.2998794	2009-04-25T07:57:14Z
37.4641636	24.93521483	336.1998794	2009-04-25T07:57:25Z
37.46425837	24.93522123	336.7998794	2009-04-25T07:57:36Z
37.46437372	24.93524318	336.5998794	2009-04-25T07:57:48Z
37.46442943	24.93523235	335.9998794	2009-04-25T07:58:00Z
37.46445827	24.93519288	335.5998794	2009-04-25T07:58:11Z
37.46447673	24.93521535	336.2998794	2009-04-25T07:58:23Z
37.46448273	24.9352188	336.3998794	2009-04-25T07:58:34Z
37.46464173	24.9352581	336.5998794	2009-04-25T07:58:46Z
37.46473135	24.93526878	336.4998794	2009-04-25T07:58:54Z
37.46481125	24.93529925	336.8998794	2009-04-25T07:59:12Z
37.46494368	24.93534353	336.9998794	2009-04-25T07:59:24Z
37.46507507	24.93537085	335.4998794	2009-04-25T07:59:36Z
37.46520915	24.93535752	333.0998794	2009-04-25T07:59:47Z
37.46533382	24.93537088	332.5998794	2009-04-25T07:59:59Z
37.46542748	24.93537578	332.3998794	2009-04-25T08:00:11Z
37.46551665	24.93538727	331.4998794	2009-04-25T08:00:22Z
37.4656442	24.93541448	330.2998794	2009-04-25T08:00:34Z
37.46577753	24.93545588	329.7998794	2009-04-25T08:00:45Z
37.46591498	24.93553223	330.3998794	2009-04-25T08:00:56Z
37.46603673	24.93561088	329.5998794	2009-04-25T08:01:08Z
37.46611527	24.93567858	328.3998794	2009-04-25T08:01:19Z
37.46618512	24.93578092	327.8998794	2009-04-25T08:01:30Z
37.46628263	24.93587075	326.9998794	2009-04-25T08:01:42Z
37.46630865	24.9359919	325.7998794	2009-04-25T08:01:54Z
37.46635452	24.93613203	323.6998794	2009-04-25T08:02:06Z
37.46638817	24.93629107	323.7998794	2009-04-25T08:02:18Z
37.46643883	24.9363976	323.0998794	2009-04-25T08:02:29Z
37.46648365	24.93649925	322.4998794	2009-04-25T08:02:40Z
37.46650242	24.93663078	321.8998794	2009-04-25T08:02:51Z
37.46650272	24.93677293	321.2998794	2009-04-25T08:03:03Z
37.46645277	24.93692572	321.4998794	2009-04-25T08:03:15Z
37.46643275	24.9370462	320.6998794	2009-04-25T08:03:27Z
37.46644103	24.93714602	319.1998794	2009-04-25T08:03:38Z
37.46643328	24.93725215	319.6998794	2009-04-25T08:03:49Z
37.4664701	24.93737285	318.5998794	2009-04-25T08:04:01Z
37.46651612	24.93747708	317.0998794	2009-04-25T08:04:13Z
37.46656633	24.93757318	315.8998794	2009-04-25T08:04:24Z
37.46665563	24.93768692	315.6998794	2009-04-25T08:04:36Z
37.46677458	24.93778413	315.1998794	2009-04-25T08:04:48Z
37.46690517	24.93785512	311.5998794	2009-04-25T08:05:00Z
37.46695947	24.93789505	310.3998794	2009-04-25T08:05:12Z
37.46702598	24.93793178	307.9998794	2009-04-25T08:05:23Z
37.46707935	24.93796208	306.7998794	2009-04-25T08:05:35Z
37.46715562	24.93801187	304.2998794	2009-04-25T08:05:46Z
37.46724918	24.93805852	302.3998794	2009-04-25T08:05:57Z
37.46735118	24.93810608	300.4998794	2009-04-25T08:06:09Z
37.46747382	24.93814918	297.7998794	2009-04-25T08:06:22Z
37.46756757	24.93817688	295.4998794	2009-04-25T08:06:34Z
37.4675871	24.93817832	294.4998794	2009-04-25T08:06:46Z
37.46763188	24.9381828	292.5998794	2009-04-25T08:06:57Z
37.4677142	24.93819162	290.3998794	2009-04-25T08:07:08Z
37.46779995	24.93819742	288.0998794	2009-04-25T08:07:19Z
37.46791162	24.93821113	285.5998794	2009-04-25T08:07:30Z
37.46791322	24.93821925	285.9998794	2009-04-25T08:07:42Z
37.46792472	24.93823377	285.3998794	2009-04-25T08:07:53Z
37.46794262	24.93821943	283.5998794	2009-04-25T08:08:05Z
37.46795595	24.9382047	282.2998794	2009-04-25T08:08:16Z
37.46808872	24.93816343	280.0998794	2009-04-25T08:08:28Z
37.46817963	24.93817767	278.7998794	2009-04-25T08:08:39Z
37.4682572	24.93814825	277.6998794	2009-04-25T08:08:50Z
37.46832075	24.93812967	276.6998794	2009-04-25T08:09:02Z
37.46836498	24.9381256	276.5998794	2009-04-25T08:09:15Z
37.46842593	24.93819205	276.6998794	2009-04-25T08:09:26Z
37.46851288	24.93819558	276.0998794	2009-04-25T08:09:38Z
37.4685979	24.93817262	275.4998794	2009-04-25T08:09:49Z
37.46864275	24.93817063	274.6998794	2009-04-25T08:10:01Z
37.46867277	24.93814842	274.1998794	2009-04-25T08:10:13Z
37.46868895	24.93812875	274.3998794	2009-04-25T08:10:24Z
37.46869308	24.93813607	273.7998794	2009-04-25T08:10:35Z
37.468706	24.93813933	273.7998794	2009-04-25T08:10:46Z
37.46870798	24.938137	274.0998794	2009-04-25T08:10:58Z
37.46870823	24.9381357	274.0998794	2009-04-25T08:11:09Z
37.46870003	24.93813918	273.8998794	2009-04-25T08:11:21Z
37.46871555	24.93813863	273.2998794	2009-04-25T08:11:33Z
37.46872003	24.93814467	273.4998794	2009-04-25T08:11:45Z
37.46873503	24.93814405	273.0998794	2009-04-25T08:11:57Z
37.46873648	24.93814338	272.9998794	2009-04-25T08:12:08Z
37.46873812	24.93814243	272.7998794	2009-04-25T08:12:20Z
37.46873992	24.93814343	272.6998794	2009-04-25T08:12:32Z
37.46873985	24.93814212	272.6998794	2009-04-25T08:12:43Z
37.4687395	24.93814115	272.5998794	2009-04-25T08:12:54Z
37.4687389	24.93813835	272.4998794	2009-04-25T08:13:05Z
37.4687383	24.93813423	272.3998794	2009-04-25T08:13:17Z
37.46873768	24.93813115	272.2998794	2009-04-25T08:13:28Z
37.46873883	24.93812977	272.0998794	2009-04-25T08:13:39Z
37.46874127	24.93813102	271.8998794	2009-04-25T08:13:51Z
37.46874323	24.93813087	271.5998794	2009-04-25T08:14:03Z
37.4687436	24.93813075	271.5998794	2009-04-25T08:14:14Z
37.46874378	24.93813107	271.5998794	2009-04-25T08:14:25Z
37.46874433	24.93813145	271.3998794	2009-04-25T08:14:38Z
37.46874477	24.93813218	271.4998794	2009-04-25T08:14:50Z
37.46874462	24.9381323	271.4998794	2009-04-25T08:15:01Z
37.46874562	24.9381326	271.4998794	2009-04-25T08:15:12Z
37.468746	24.9381329	271.3998794	2009-04-25T08:15:24Z
37.46874657	24.9381338	271.4998794	2009-04-25T08:15:36Z
37.46874738	24.93813498	271.4998794	2009-04-25T08:15:47Z
37.46876018	24.93815912	274.2998794	2009-04-25T08:15:59Z
37.46901897	24.93830735	266.5998794	2009-04-25T08:16:11Z
37.46935052	24.93857177	253.0998794	2009-04-25T08:16:57Z
37.46947312	24.93868403	248.8998794	2009-04-25T08:17:09Z
37.46977275	24.9388302	240.7998794	2009-04-25T08:17:56Z
37.46986232	24.93890473	238.5998794	2009-04-25T08:18:07Z
37.47069818	24.93921028	229.2998794	2009-04-25T08:19:29Z
37.47078723	24.93918658	228.7998794	2009-04-25T08:19:41Z
37.47126553	24.93823228	228.0998794	2009-04-25T08:21:16Z
37.47125823	24.93818758	227.9998794	2009-04-25T08:21:28Z
37.47126442	24.93774567	230.6998794	2009-04-25T08:22:16Z
37.47132488	24.93766533	230.7998794	2009-04-25T08:22:27Z
37.4723985	24.93763087	221.8998794	2009-04-25T08:23:47Z
37.47256358	24.9375675	221.0998794	2009-04-25T08:23:58Z
37.47400202	24.93743412	204.9998794	2009-04-25T08:25:50Z
37.47409945	24.93738998	203.2998794	2009-04-25T08:26:01Z
37.47450728	24.93718312	196.0998794	2009-04-25T08:26:49Z
37.47459768	24.93706752	195.3998794	2009-04-25T08:27:01Z
37.47510838	24.93660477	187.2998794	2009-04-25T08:28:20Z
37.47516585	24.93650023	186.3998794	2009-04-25T08:28:32Z
37.47569648	24.93697947	177.6998794	2009-04-25T08:30:32Z
37.47576548	24.93705128	177.9998794	2009-04-25T08:30:43Z
37.47614838	24.93767403	175.2998794	2009-04-25T08:32:04Z
37.47615452	24.93767342	174.5998794	2009-04-25T08:32:17Z
37.47616118	24.93766905	174.0998794	2009-04-25T08:32:29Z
37.47631052	24.93779853	172.5998794	2009-04-25T08:33:15Z
37.47639085	24.93791148	172.6998794	2009-04-25T08:33:27Z
37.47654432	24.93847655	168.7998794	2009-04-25T08:34:49Z
37.47653977	24.93861957	168.1998794	2009-04-25T08:35:00Z
37.47659175	24.93916153	164.5998794	2009-04-25T08:35:46Z
37.47655265	24.93925832	163.9998794	2009-04-25T08:35:58Z
37.47632698	24.93999165	162.6998794	2009-04-25T08:37:18Z
37.47631572	24.94007495	162.3998794	2009-04-25T08:37:30Z
37.4762492	24.94064142	162.2998794	2009-04-25T08:39:26Z
37.47623328	24.94072685	162.9998794	2009-04-25T08:39:38Z
37.47582407	24.9416155	167.4998794	2009-04-25T08:40:54Z
37.47583658	24.94163237	167.1998794	2009-04-25T08:41:05Z
37.47583677	24.94164555	167.3998794	2009-04-25T08:41:16Z
37.47584938	24.94163468	167.3998794	2009-04-25T08:41:27Z
37.47590545	24.94142905	167.4998794	2009-04-25T08:41:38Z
37.47598248	24.94127508	166.5998794	2009-04-25T08:41:50Z
37.47601965	24.94118227	166.8998794	2009-04-25T08:42:02Z
37.47610558	24.94114345	166.4998794	2009-04-25T08:42:13Z
37.4761361	24.94111593	166.8998794	2009-04-25T08:42:25Z
37.47612775	24.9411346	166.8998794	2009-04-25T08:42:36Z
37.47613862	24.94113093	167.2998794	2009-04-25T08:42:47Z
37.47613957	24.94112923	167.5998794	2009-04-25T08:42:58Z
37.47612727	24.94112418	168.4998794	2009-04-25T08:43:10Z
37.4761387	24.94113145	168.7998794	2009-04-25T08:43:21Z
37.47615337	24.94113108	167.7998794	2009-04-25T08:43:32Z
37.47615335	24.94112803	167.7998794	2009-04-25T08:43:44Z
37.47615243	24.94112585	167.8998794	2009-04-25T08:43:56Z
37.47649378	24.9392868	162.0998794	2009-04-25T08:47:28Z
37.47649713	24.93929098	161.8998794	2009-04-25T08:47:40Z
37.47649447	24.93929202	161.7998794	2009-04-25T08:47:52Z
37.47649445	24.93929203	161.6998794	2009-04-25T08:48:04Z
37.47649165	24.939291	161.2998794	2009-04-25T08:48:15Z
37.47649498	24.93929642	161.4998794	2009-04-25T08:49:19Z
37.47880257	24.94000288	115.1998794	2009-04-25T09:00:24Z
37.47911467	24.94020072	119.2998794	2009-04-25T09:01:53Z
37.47911863	24.94018585	118.1998794	2009-04-25T09:02:05Z
37.47913243	24.94020605	117.1998794	2009-04-25T09:02:31Z
37.47913413	24.94021725	116.7998794	2009-04-25T09:02:43Z
37.4791286	24.94022595	117.3998794	2009-04-25T09:02:55Z
37.47911173	24.94023635	116.8998794	2009-04-25T09:03:06Z
37.47911307	24.94023928	116.8998794	2009-04-25T09:03:18Z
37.47911075	24.9402435	116.7998794	2009-04-25T09:03:29Z
37.47912933	24.94066248	111.3998794	2009-04-25T09:03:41Z
37.47911413	24.94072687	111.1998794	2009-04-25T09:03:53Z
37.47915543	24.94077578	110.9998794	2009-04-25T09:04:06Z
37.47920648	24.94079207	110.4998794	2009-04-25T09:04:17Z
37.47920287	24.94080653	110.0998794	2009-04-25T09:04:29Z
37.47921528	24.9408077	109.8998794	2009-04-25T09:04:40Z
37.47922527	24.9408168	109.7998794	2009-04-25T09:04:51Z
37.47923402	24.94082623	109.0998794	2009-04-25T09:05:02Z
37.47925322	24.94083192	108.2998794	2009-04-25T09:05:15Z
37.47927148	24.94084802	107.9998794	2009-04-25T09:05:27Z
37.4792849	24.94086483	107.2998794	2009-04-25T09:05:38Z
37.47935897	24.94109968	103.9998794	2009-04-25T09:06:48Z
37.4793657	24.94110047	104.1998794	2009-04-25T09:07:00Z
37.4795675	24.94129917	101.8998794	2009-04-25T09:08:22Z
37.4795887	24.94130222	100.8998794	2009-04-25T09:08:33Z
37.47957477	24.94134593	103.2998794	2009-04-25T09:09:19Z
37.47961803	24.94148888	103.8998794	2009-04-25T09:09:30Z
37.47961487	24.9415433	104.1998794	2009-04-25T09:10:12Z
37.47962688	24.94155453	104.1998794	2009-04-25T09:10:24Z
37.47962058	24.94172353	105.8998794	2009-04-25T09:10:36Z
37.47963413	24.94174222	106.7998794	2009-04-25T09:10:47Z
37.47963605	24.94175843	106.5998794	2009-04-25T09:10:59Z
37.47990277	24.94248483	115.3998794	2009-04-25T09:14:34Z
37.47990227	24.94248752	115.3998794	2009-04-25T09:14:45Z
37.47990382	24.94248908	115.4998794	2009-04-25T09:14:57Z
37.47990365	24.94249222	115.5998794	2009-04-25T09:15:09Z
37.47994632	24.9426198	118.7998794	2009-04-25T09:15:54Z
37.47996368	24.94263682	120.5998794	2009-04-25T09:16:06Z
37.47998333	24.94265777	119.9998794	2009-04-25T09:16:18Z
37.47998183	24.94267415	118.3998794	2009-04-25T09:16:29Z
37.48015933	24.94290572	115.2998794	2009-04-25T09:17:15Z
37.48022167	24.94296967	112.0998794	2009-04-25T09:17:27Z
37.4806565	24.94317457	107.3998794	2009-04-25T09:18:47Z
37.4807027	24.94319212	106.1998794	2009-04-25T09:18:58Z
37.48097453	24.94316095	106.9998794	2009-04-25T09:20:56Z
37.48098213	24.94315182	106.9998794	2009-04-25T09:21:08Z
37.48097987	24.9431553	106.4998794	2009-04-25T09:21:55Z
37.48098573	24.94315903	106.1998794	2009-04-25T09:22:07Z
37.48101627	24.94334402	104.1998794	2009-04-25T09:22:24Z
37.48101422	24.94339155	100.7998794	2009-04-25T09:22:54Z
37.48101282	24.94341067	99.99987936	2009-04-25T09:23:06Z
37.48102495	24.94341795	98.69987936	2009-04-25T09:23:18Z
37.48113045	24.94359115	96.19987936	2009-04-25T09:23:30Z
37.48116167	24.94361775	93.59987936	2009-04-25T09:23:42Z
37.48118602	24.94364803	91.99987936	2009-04-25T09:23:54Z
37.4812172	24.9436725	89.79987936	2009-04-25T09:24:06Z
37.48121532	24.94368533	88.89987936	2009-04-25T09:24:17Z
37.48121853	24.9436948	88.49987936	2009-04-25T09:24:28Z
37.48122283	24.94369912	88.19987936	2009-04-25T09:24:40Z
37.48121935	24.94372463	86.89987936	2009-04-25T09:24:52Z
37.48121097	24.9437308	86.99987936	2009-04-25T09:25:02Z
37.48120018	24.9437347	86.69987936	2009-04-25T09:25:14Z
37.4811239	24.94382203	84.49987936	2009-04-25T09:25:26Z
37.48112747	24.94381882	84.69987936	2009-04-25T09:25:38Z
37.48113167	24.94382255	84.39987936	2009-04-25T09:25:49Z
37.4811291	24.94381897	84.59987936	2009-04-25T09:26:01Z
37.48112702	24.94381938	83.89987936	2009-04-25T09:26:13Z
37.48113	24.94382395	83.29987936	2009-04-25T09:26:25Z
37.48113298	24.94382998	82.69987936	2009-04-25T09:26:37Z
37.48113973	24.94382655	83.49987936	2009-04-25T09:26:48Z
37.48114828	24.94382763	83.79987936	2009-04-25T09:27:00Z
37.48115138	24.94383048	83.39987936	2009-04-25T09:27:11Z
37.4811518	24.94383815	83.29987936	2009-04-25T09:27:23Z
37.48115075	24.94385018	83.29987936	2009-04-25T09:27:51Z
37.48129815	24.94385493	78.39987936	2009-04-25T09:28:32Z
37.48147328	24.94386588	76.29987936	2009-04-25T09:28:43Z
37.48177453	24.94409938	57.19987936	2009-04-25T09:30:06Z
37.48183832	24.94420235	54.89987936	2009-04-25T09:30:17Z
37.48196632	24.94447192	45.89987936	2009-04-25T09:31:00Z
37.48195645	24.94448947	43.99987936	2009-04-25T09:31:12Z
37.48196295	24.94449573	43.09987936	2009-04-25T09:31:34Z
37.4819627	24.94449045	43.09987936	2009-04-25T09:31:46Z
37.48202912	24.94430855	37.69987936	2009-04-25T09:32:36Z
37.48201102	24.94429667	37.39987936	2009-04-25T09:32:48Z
37.4821085	24.94460322	32.19987936	2009-04-25T09:34:45Z
37.48213263	24.94465268	31.69987936	2009-04-25T09:34:57Z
37.4826242	24.9448408	24.59987936	2009-04-25T09:36:36Z
37.48271975	24.94476465	26.39987936	2009-04-25T09:36:48Z
37.48263313	24.94406365	47.59987936	2009-04-25T09:40:42Z
37.48265165	24.94408682	47.19987936	2009-04-25T09:40:55Z
37.48257687	24.94378022	55.39987936	2009-04-25T09:41:43Z
37.4825891	24.9437002	57.09987936	2009-04-25T09:41:55Z
37.48262417	24.9434884	67.79987936	2009-04-25T09:43:42Z
37.48271847	24.94353627	68.39987936	2009-04-25T09:43:54Z
37.4827768	24.9435672	69.69987936	2009-04-25T09:44:40Z
37.48278432	24.94355685	70.19987936	2009-04-25T09:44:51Z
37.48272278	24.94346925	74.89987936	2009-04-25T09:46:13Z
37.4827425	24.94347502	73.79987936	2009-04-25T09:46:24Z
37.48284663	24.9431702	75.59987936	2009-04-25T09:48:05Z
37.48286628	24.9430756	76.59987936	2009-04-25T09:48:16Z
37.48336823	24.9428091	85.99987936	2009-04-25T09:51:48Z
37.48344868	24.94287288	85.99987936	2009-04-25T09:51:59Z
37.48354883	24.9429494	86.69987936	2009-04-25T09:52:11Z
37.48355333	24.9430051	86.59987936	2009-04-25T09:52:22Z
37.48356267	24.9430689	87.69987936	2009-04-25T09:52:33Z
37.4836392	24.94315337	88.49987936	2009-04-25T09:52:45Z
37.48372353	24.94327827	88.09987936	2009-04-25T09:52:56Z
37.48384677	24.94339717	87.09987936	2009-04-25T09:53:08Z
37.48395463	24.94350898	87.59987936	2009-04-25T09:53:19Z
37.4840035	24.94358087	86.69987936	2009-04-25T09:53:30Z
37.48410755	24.94363668	86.19987936	2009-04-25T09:53:42Z
37.48418848	24.94358433	87.19987936	2009-04-25T09:53:54Z
37.4842075	24.9435582	86.99987936	2009-04-25T09:54:05Z
37.48423938	24.9435738	86.69987936	2009-04-25T09:54:17Z
37.48425038	24.94356207	86.59987936	2009-04-25T09:54:28Z
37.4842533	24.94355455	86.79987936	2009-04-25T09:54:40Z
37.48425538	24.9435433	86.99987936	2009-04-25T09:54:51Z
37.48431672	24.94350375	87.39987936	2009-04-25T09:55:03Z
37.4843095	24.94350583	87.59987936	2009-04-25T09:55:15Z
37.48449882	24.9433163	87.89987936	2009-04-25T09:56:02Z
37.48458865	24.94327522	87.29987936	2009-04-25T09:56:13Z
37.48466827	24.94320522	87.89987936	2009-04-25T09:56:24Z
37.48465747	24.94319205	87.99987936	2009-04-25T09:57:07Z
37.48466	24.94319068	88.59987936	2009-04-25T09:57:18Z
37.48487393	24.94289957	87.39987936	2009-04-25T09:58:40Z
37.4849292	24.94281318	85.69987936	2009-04-25T09:58:51Z
37.485456	24.94209842	72.29987936	2009-04-25T10:00:44Z
37.48551285	24.94205577	72.59987936	2009-04-25T10:00:55Z
37.48571287	24.94200452	69.49987936	2009-04-25T10:01:36Z
37.48593773	24.9418965	63.59987936	2009-04-25T10:02:44Z
37.4859772	24.94191562	62.99987936	2009-04-25T10:02:56Z
37.48628783	24.94182367	60.59987936	2009-04-25T10:03:45Z
37.48632883	24.94170408	61.69987936	2009-04-25T10:03:56Z
37.48644148	24.94121827	61.69987936	2009-04-25T10:05:17Z
37.48645293	24.94124563	61.09987936	2009-04-25T10:05:29Z
37.48669562	24.94126255	63.89987936	2009-04-25T10:07:09Z
37.48682017	24.94144903	64.29987936	2009-04-25T10:07:20Z
37.48772513	24.94181203	55.29987936	2009-04-25T10:09:17Z
37.4878304	24.9418894	53.99987936	2009-04-25T10:09:28Z
37.48801218	24.94204927	50.99987936	2009-04-25T10:10:14Z
37.48809532	24.94207357	49.89987936	2009-04-25T10:10:26Z
37.48856393	24.94199618	52.09987936	2009-04-25T10:11:48Z
37.48866847	24.9419636	50.79987936	2009-04-25T10:11:59Z
37.48918338	24.94166613	38.59987936	2009-04-25T10:13:57Z
37.4891929	24.94163907	38.19987936	2009-04-25T10:14:08Z
37.48935852	24.94150862	31.29987936	2009-04-25T10:16:06Z
37.48940325	24.9413986	30.59987936	2009-04-25T10:16:18Z
37.4895616	24.94120618	24.89987936	2009-04-25T10:17:04Z
37.48960187	24.94111488	23.99987936	2009-04-25T10:17:16Z
37.48961735	24.94099023	18.79987936	2009-04-25T10:18:19Z
37.48970763	24.9410309	17.99987936	2009-04-25T10:18:58Z
37.48979782	24.94097502	14.89987936	2009-04-25T10:19:10Z
37.49009985	24.9405535	13.19987936	2009-04-25T10:20:31Z
37.49017858	24.94047703	12.59987936	2009-04-25T10:20:43Z
37.49033357	24.94020152	13.49987936	2009-04-25T10:21:29Z
37.49033003	24.94021047	12.09987936	2009-04-25T10:21:40Z
37.49036338	24.94024777	7.09987936	2009-04-25T10:23:01Z
37.49037123	24.9402617	6.89987936	2009-04-25T10:23:12Z
37.49099858	24.94021005	-2.40012064	2009-04-25T10:25:04Z
37.49110015	24.94017207	-1.80012064	2009-04-25T10:25:15Z
37.49114307	24.9401073	-2.80012064	2009-04-25T10:27:13Z
37.49114742	24.94010802	-2.60012064	2009-04-25T10:27:25Z
37.49114655	24.94010643	-2.60012064	2009-04-25T10:28:12Z
37.49114723	24.94010728	-2.70012064	2009-04-25T10:28:24Z
37.49114173	24.9401058	-1.80012064	2009-04-25T10:29:45Z
37.49114185	24.94010627	-1.80012064	2009-04-25T10:29:57Z
37.49113867	24.9400999	-1.30012064	2009-04-25T10:31:47Z
37.4911393	24.94010112	-1.50012064	2009-04-25T10:31:59Z
37.49113878	24.94009987	-1.10012064	2009-04-25T10:32:46Z
37.49113777	24.9400997	-1.20012064	2009-04-25T10:32:58Z
37.49113893	24.94009605	-1.10012064	2009-04-25T10:34:17Z
37.49113917	24.94009635	-1.00012064	2009-04-25T10:34:29Z
37.4911384	24.94009578	-0.80012064	2009-04-25T10:36:19Z
37.49113803	24.94009565	-0.80012064	2009-04-25T10:36:31Z
37.49113788	24.94009637	-0.90012064	2009-04-25T10:38:28Z
37.49113818	24.94009662	-0.90012064	2009-04-25T10:38:40Z
37.49113877	24.9400965	-1.00012064	2009-04-25T10:39:26Z
37.49113897	24.9400965	-1.00012064	2009-04-25T10:39:38Z
37.49113935	24.94009638	-1.10012064	2009-04-25T10:40:59Z
37.49113922	24.94009652	-1.10012064	2009-04-25T10:41:11Z
37.49114122	24.94009683	-1.40012064	2009-04-25T10:43:03Z
37.49114098	24.94009665	-1.40012064	2009-04-25T10:43:15Z
37.49113947	24.9400962	-1.20012064	2009-04-25T10:45:13Z
37.49113935	24.94009648	-1.20012064	2009-04-25T10:45:25Z
37.49113947	24.94009648	-1.20012064	2009-04-25T10:45:36Z
37.49113942	24.94009698	-1.20012064	2009-04-25T10:45:47Z
37.49113957	24.94009675	-1.20012064	2009-04-25T10:45:59Z
37.4911403	24.94009693	-1.40012064	2009-04-25T10:46:10Z
37.49114062	24.94009742	-1.60012064	2009-04-25T10:46:22Z
37.49114065	24.94009735	-1.60012064	2009-04-25T10:46:34Z
37.49114072	24.94009728	-1.60012064	2009-04-25T10:46:45Z
37.49114063	24.94009735	-1.60012064	2009-04-25T10:46:57Z
37.49114085	24.9400972	-1.70012064	2009-04-25T10:47:09Z
37.49113933	24.94009717	-1.60012064	2009-04-25T10:47:57Z
37.4911392	24.94009717	-1.60012064	2009-04-25T10:48:09Z
37.49113747	24.94009723	-1.50012064	2009-04-25T10:49:29Z
37.49113697	24.94009735	-1.50012064	2009-04-25T10:49:41Z
37.49113272	24.94009363	-0.90012064	2009-04-25T10:51:38Z
37.49113202	24.94009262	-1.00012064	2009-04-25T10:51:50Z
37.49104153	24.9401582	-2.20012064	2009-04-25T10:52:31Z
37.49107002	24.94014535	-5.60012064	2009-04-25T10:52:42Z
37.49108572	24.94013175	-4.30012064	2009-04-25T10:54:05Z
37.49108958	24.94012903	-4.40012064	2009-04-25T10:54:16Z
37.4909774	24.93967475	-2.90012064	2009-04-25T10:56:07Z
37.49093518	24.93954912	-3.30012064	2009-04-25T10:56:19Z
37.49105737	24.93920333	-2.50012064	2009-04-25T10:57:06Z
37.49109542	24.93913552	-1.80012064	2009-04-25T10:57:17Z
37.49123817	24.93906777	-3.90012064	2009-04-25T10:58:03Z
37.49124852	24.93906133	-3.40012064	2009-04-25T10:58:14Z
37.4913427	24.93891232	-1.70012064	2009-04-25T10:58:26Z
37.4914516	24.93855923	3.89987936	2009-04-25T10:59:07Z
37.4914743	24.93846067	4.69987936	2009-04-25T10:59:19Z
37.49146262	24.93788338	7.69987936	2009-04-25T11:00:34Z
37.49143852	24.93774828	8.29987936	2009-04-25T11:00:46Z
37.491027	24.93709267	14.29987936	2009-04-25T11:02:44Z
37.49098885	24.93705845	15.49987936	2009-04-25T11:02:55Z
37.49088558	24.93685847	21.19987936	2009-04-25T11:03:42Z
37.4908627	24.93682498	21.59987936	2009-04-25T11:03:53Z
37.49071842	24.93658195	29.09987936	2009-04-25T11:05:17Z
37.49066383	24.93646943	30.89987936	2009-04-25T11:05:29Z
37.49058432	24.93616208	45.49987936	2009-04-25T11:07:23Z
37.49059525	24.9361688	45.79987936	2009-04-25T11:07:34Z
37.49127738	24.93603692	67.29987936	2009-04-25T11:09:27Z
37.49133945	24.93600985	69.09987936	2009-04-25T11:09:38Z
37.49150647	24.93592428	74.89987936	2009-04-25T11:10:25Z
37.4915086	24.93591373	74.79987936	2009-04-25T11:10:36Z
37.49151695	24.9359173	75.39987936	2009-04-25T11:11:02Z
37.49073997	24.93445173	151.3998794	2009-04-25T11:19:54Z
37.49074622	24.93445803	151.5998794	2009-04-25T11:20:18Z
37.49075592	24.93445243	149.6998794	2009-04-25T11:20:29Z
37.4907567	24.93444738	148.1998794	2009-04-25T11:20:40Z
37.49068208	24.9342257	144.9998794	2009-04-25T11:21:35Z
37.49040712	24.93391913	163.3998794	2009-04-25T11:53:13Z
37.490381	24.93388132	161.0998794	2009-04-25T11:53:57Z
37.4903773	24.93387775	161.1998794	2009-04-25T11:54:08Z
37.48665328	24.92982918	173.1998794	2009-04-25T12:22:12Z
37.48665008	24.929831	172.5998794	2009-04-25T12:22:23Z
37.48664397	24.92982807	171.9998794	2009-04-25T12:22:35Z
37.48664103	24.92982132	171.7998794	2009-04-25T12:22:46Z
37.48663753	24.92981825	172.1998794	2009-04-25T12:22:57Z
37.48663548	24.9298166	171.6998794	2009-04-25T12:23:09Z
37.48657792	24.92974335	168.2998794	2009-04-25T12:23:59Z
37.486574	24.92974042	168.5998794	2009-04-25T12:24:11Z
37.48634777	24.92987472	163.2998794	2009-04-25T12:26:08Z
37.48635865	24.92989413	165.9998794	2009-04-25T12:26:20Z
37.48600637	24.92992043	153.1998794	2009-04-25T12:28:17Z
37.48593172	24.92988298	154.1998794	2009-04-25T12:28:29Z
37.48593093	24.9298884	153.5998794	2009-04-25T12:28:40Z
37.48592795	24.92989257	153.5998794	2009-04-25T12:28:52Z
37.48593593	24.92989125	153.3998794	2009-04-25T12:29:03Z
37.48592865	24.92989997	154.1998794	2009-04-25T12:29:15Z
37.48593012	24.92990027	154.2998794	2009-04-25T12:29:26Z
37.48592895	24.92989797	153.9998794	2009-04-25T12:29:37Z
37.48592747	24.92989665	153.8998794	2009-04-25T12:29:49Z
37.48591642	24.92988997	153.1998794	2009-04-25T12:30:00Z
37.4856993	24.92973237	146.0998794	2009-04-25T12:30:45Z
37.48565865	24.9296795	145.2998794	2009-04-25T12:30:56Z
37.48503893	24.92957518	146.3998794	2009-04-25T12:32:19Z
37.48497592	24.92960463	146.4998794	2009-04-25T12:32:31Z
37.48492195	24.92966752	147.5998794	2009-04-25T12:33:20Z
37.48492573	24.92965983	148.4998794	2009-04-25T12:33:33Z
37.48493013	24.92966825	147.5998794	2009-04-25T12:33:45Z
37.48497233	24.92967105	149.8998794	2009-04-25T12:34:26Z
37.48498643	24.9296924	153.1998794	2009-04-25T12:34:38Z
37.48524392	24.92996402	155.7998794	2009-04-25T12:35:27Z
37.48530972	24.9300449	154.5998794	2009-04-25T12:35:39Z
37.4855352	24.93051053	154.8998794	2009-04-25T12:36:28Z
37.48555692	24.9306737	161.9998794	2009-04-25T12:36:53Z
37.48556303	24.93069668	162.0998794	2009-04-25T12:37:05Z
37.48554443	24.93078282	163.5998794	2009-04-25T12:37:17Z
37.4854954	24.93085917	164.8998794	2009-04-25T12:37:28Z
37.48543968	24.9309063	166.1998794	2009-04-25T12:37:39Z
37.4853885	24.93095802	167.9998794	2009-04-25T12:37:51Z
37.48534003	24.93101148	168.7998794	2009-04-25T12:38:02Z
37.48529725	24.93106493	170.2998794	2009-04-25T12:38:14Z
37.48531215	24.93106295	171.3998794	2009-04-25T12:38:26Z
37.48530785	24.93104037	171.3998794	2009-04-25T12:38:38Z
37.48524323	24.93091113	171.3998794	2009-04-25T12:38:49Z
37.48519127	24.93082295	172.4998794	2009-04-25T12:39:01Z
37.48515623	24.93075335	172.1998794	2009-04-25T12:39:12Z
37.4851167	24.9307283	171.6998794	2009-04-25T12:39:23Z
37.48507377	24.93065372	170.8998794	2009-04-25T12:39:35Z
37.48498385	24.93057037	169.7998794	2009-04-25T12:39:46Z
37.48496352	24.93059695	171.3998794	2009-04-25T12:39:58Z
37.48492118	24.93052955	171.7998794	2009-04-25T12:40:09Z
37.48482628	24.93043263	172.2998794	2009-04-25T12:40:21Z
37.48471813	24.93042933	171.4998794	2009-04-25T12:40:32Z
37.48470447	24.93041693	173.6998794	2009-04-25T12:40:43Z
37.48468888	24.9304289	178.0998794	2009-04-25T12:40:55Z
37.48465623	24.9303581	179.9998794	2009-04-25T12:41:07Z
37.48464813	24.93035247	180.2998794	2009-04-25T12:41:18Z
37.48430053	24.9307576	198.6998794	2009-04-25T12:45:38Z
37.4843049	24.93075987	198.4998794	2009-04-25T12:45:50Z
37.48430052	24.93076102	198.4998794	2009-04-25T12:46:01Z
37.484299	24.93076417	198.5998794	2009-04-25T12:46:12Z
37.48430117	24.93076543	198.7998794	2009-04-25T12:46:24Z
37.48430015	24.93076602	198.8998794	2009-04-25T12:46:36Z
37.48430072	24.93076637	198.8998794	2009-04-25T12:46:48Z
37.48430187	24.93076722	199.0998794	2009-04-25T12:46:59Z
37.48430452	24.93076832	199.2998794	2009-04-25T12:47:11Z
37.48430428	24.93076875	199.2998794	2009-04-25T12:47:23Z
37.48430525	24.930771	199.4998794	2009-04-25T12:47:34Z
37.48430423	24.93077208	199.5998794	2009-04-25T12:47:46Z
37.48430477	24.93077338	199.7998794	2009-04-25T12:47:57Z
37.48431267	24.93076797	203.1998794	2009-04-25T12:48:42Z
37.48430612	24.9307694	202.8998794	2009-04-25T12:48:53Z
37.48411668	24.93069538	203.7998794	2009-04-25T12:49:44Z
37.48395817	24.9306837	204.1998794	2009-04-25T12:49:56Z
37.48346847	24.93061915	210.8998794	2009-04-25T12:51:16Z
37.48343612	24.93051118	212.2998794	2009-04-25T12:51:28Z
37.48308493	24.93014763	225.6998794	2009-04-25T12:53:26Z
37.48305115	24.93002928	226.9998794	2009-04-25T12:53:38Z
37.48283963	24.92945323	229.8998794	2009-04-25T12:54:25Z
37.48276503	24.92932933	230.6998794	2009-04-25T12:54:36Z
37.4824611	24.9283968	231.0998794	2009-04-25T12:55:50Z
37.48243118	24.9282477	231.9998794	2009-04-25T12:56:01Z
37.48210263	24.92743552	236.9998794	2009-04-25T12:57:53Z
37.48210347	24.92743777	236.9998794	2009-04-25T12:58:04Z
37.48209963	24.92742395	239.7998794	2009-04-25T13:00:02Z
37.48209818	24.92742335	240.5998794	2009-04-25T13:00:14Z
37.482105	24.92740205	241.6998794	2009-04-25T13:01:00Z
37.48210465	24.92739965	241.6998794	2009-04-25T13:01:11Z
37.48225897	24.92720877	254.4998794	2009-04-25T13:02:30Z
37.4822411	24.9272343	251.8998794	2009-04-25T13:02:42Z
37.48274698	24.92711958	261.0998794	2009-04-25T13:04:41Z
37.48271398	24.92717323	262.2998794	2009-04-25T13:04:53Z
37.48327135	24.9272604	270.5998794	2009-04-25T13:06:49Z
37.48334458	24.92722737	271.4998794	2009-04-25T13:07:01Z
37.48336532	24.92716332	272.3998794	2009-04-25T13:07:47Z
37.48334892	24.92716982	274.0998794	2009-04-25T13:07:59Z
37.48333727	24.9271252	277.8998794	2009-04-25T13:09:20Z
37.48332017	24.92699225	282.2998794	2009-04-25T13:09:32Z
37.48330053	24.92678312	296.9998794	2009-04-25T13:11:29Z
37.483299	24.92677622	297.9998794	2009-04-25T13:11:41Z
37.48356643	24.92659927	314.5998794	2009-04-25T13:13:32Z
37.48357303	24.92659117	316.7998794	2009-04-25T13:13:44Z
37.48356682	24.92660423	319.9998794	2009-04-25T13:14:29Z
37.48356913	24.9266058	320.6998794	2009-04-25T13:14:41Z
37.4836665	24.92644085	329.5998794	2009-04-25T13:16:02Z
37.48365843	24.92645135	329.9998794	2009-04-25T13:16:13Z
37.48418807	24.92657487	327.4998794	2009-04-25T13:18:12Z
37.48430293	24.92660023	327.1998794	2009-04-25T13:18:23Z
37.48466018	24.92617232	322.5998794	2009-04-25T13:19:05Z
37.48473835	24.92599198	321.8998794	2009-04-25T13:19:17Z
37.48537788	24.9251374	312.1998794	2009-04-25T13:20:32Z
37.48549938	24.92507835	310.4998794	2009-04-25T13:20:43Z
37.48659108	24.92417992	302.2998794	2009-04-25T13:22:41Z
37.48660682	24.92401723	302.4998794	2009-04-25T13:22:52Z
37.48680235	24.92227052	300.3998794	2009-04-25T13:24:43Z
37.48686285	24.922066	300.3998794	2009-04-25T13:24:55Z
37.48712968	24.9213843	298.3998794	2009-04-25T13:25:43Z
37.487198	24.9212396	299.1998794	2009-04-25T13:25:54Z
37.48772318	24.92052873	303.4998794	2009-04-25T13:27:15Z
37.48781352	24.92049635	304.0998794	2009-04-25T13:27:26Z
37.48864475	24.92034033	304.9998794	2009-04-25T13:29:19Z
37.48865165	24.92033132	304.5998794	2009-04-25T13:29:31Z
37.48883645	24.92025397	305.7998794	2009-04-25T13:31:27Z
37.48884757	24.9202506	305.4998794	2009-04-25T13:31:39Z
37.48885423	24.92025715	305.4998794	2009-04-25T13:32:05Z
37.48787785	24.92045182	289.5998794	2009-04-25T15:30:31Z
37.48803113	24.91963027	288.7998794	2009-04-25T15:32:25Z
37.48802478	24.91962917	288.1998794	2009-04-25T15:32:37Z
37.48871998	24.91916063	275.0998794	2009-04-25T15:34:35Z
37.48881357	24.91912915	275.4998794	2009-04-25T15:34:46Z
37.48943522	24.91876838	268.0998794	2009-04-25T15:36:37Z
37.48930635	24.9186441	264.6998794	2009-04-25T15:36:49Z
37.48967975	24.91845693	254.3998794	2009-04-25T15:37:35Z
37.48980683	24.91842875	252.5998794	2009-04-25T15:37:46Z
37.49068627	24.91810592	234.1998794	2009-04-25T15:39:07Z
37.49084013	24.91807748	230.3998794	2009-04-25T15:39:18Z
37.49191412	24.9176294	215.9998794	2009-04-25T15:41:16Z
37.4919802	24.91748253	214.5998794	2009-04-25T15:41:27Z
37.49232525	24.91713412	206.4998794	2009-04-25T15:42:12Z
37.49245432	24.91711247	202.9998794	2009-04-25T15:42:24Z
37.49329243	24.91685422	191.1998794	2009-04-25T15:43:39Z
37.49341595	24.91677352	188.6998794	2009-04-25T15:43:51Z
37.4941378	24.91566932	180.0998794	2009-04-25T15:45:48Z
37.49416458	24.915572	179.4998794	2009-04-25T15:46:00Z
37.49492115	24.91475772	179.0998794	2009-04-25T15:47:53Z
37.49497513	24.91463708	178.4998794	2009-04-25T15:48:05Z
37.49504372	24.91441428	178.1998794	2009-04-25T15:48:27Z
37.49506493	24.91431633	177.9998794	2009-04-25T15:48:38Z
37.49533085	24.91395737	172.6998794	2009-04-25T15:49:25Z
37.49540643	24.9138598	172.3998794	2009-04-25T15:49:37Z
37.49548702	24.91379917	171.5998794	2009-04-25T15:49:48Z
37.4955564	24.91373678	169.6998794	2009-04-25T15:49:59Z
37.49585778	24.91328328	166.4998794	2009-04-25T15:50:49Z
37.49593425	24.91318825	166.5998794	2009-04-25T15:51:01Z
37.49625057	24.91285667	167.4998794	2009-04-25T15:52:22Z
37.49635903	24.91277978	167.7998794	2009-04-25T15:52:34Z
37.49735543	24.91220147	168.0998794	2009-04-25T15:54:30Z
37.4974348	24.91213995	166.1998794	2009-04-25T15:54:42Z
37.49761265	24.91158783	165.7998794	2009-04-25T15:55:28Z
37.49763103	24.91142633	166.2998794	2009-04-25T15:55:40Z
37.49796642	24.91060638	165.5998794	2009-04-25T15:57:01Z
37.49807297	24.91054092	166.4998794	2009-04-25T15:57:13Z
37.4984943	24.90962913	165.5998794	2009-04-25T15:59:11Z
37.49854397	24.90951485	164.6998794	2009-04-25T15:59:23Z
37.49870492	24.90834902	156.1998794	2009-04-25T16:01:20Z
37.49872272	24.90821428	155.0998794	2009-04-25T16:01:31Z
37.498774	24.90769273	151.5998794	2009-04-25T16:02:18Z
37.49878547	24.90755035	150.2998794	2009-04-25T16:02:30Z
37.4989545	24.90678775	139.6998794	2009-04-25T16:03:51Z
37.49900185	24.90666775	136.8998794	2009-04-25T16:04:03Z
37.49907542	24.90570823	119.0998794	2009-04-25T16:05:53Z
37.49909423	24.9055954	117.4998794	2009-04-25T16:06:05Z
37.49900965	24.90459272	96.69987936	2009-04-25T16:08:03Z
37.49908085	24.9044544	95.39987936	2009-04-25T16:08:15Z
37.49931612	24.90395355	87.59987936	2009-04-25T16:09:01Z
37.49931012	24.90386877	83.79987936	2009-04-25T16:09:13Z
37.49923803	24.9028969	73.69987936	2009-04-25T16:10:34Z
37.49921202	24.90272163	72.69987936	2009-04-25T16:10:46Z
37.49935283	24.90142322	67.89987936	2009-04-25T16:12:42Z
37.49935335	24.90140322	67.39987936	2009-04-25T16:12:54Z
37.49995955	24.90007892	60.09987936	2009-04-25T16:14:53Z
37.50003377	24.89998872	59.89987936	2009-04-25T16:15:04Z
37.50024677	24.89969533	53.69987936	2009-04-25T16:15:50Z
37.500334	24.89961247	51.99987936	2009-04-25T16:16:01Z
37.50091368	24.89919357	39.89987936	2009-04-25T16:17:16Z
37.50098807	24.89914452	38.99987936	2009-04-25T16:17:27Z
37.50133545	24.89819143	23.69987936	2009-04-25T16:19:22Z
37.50125572	24.89805275	21.09987936	2009-04-25T16:19:33Z
37.50105347	24.89746635	13.39987936	2009-04-25T16:20:21Z
37.50101628	24.89735258	12.79987936	2009-04-25T16:20:32Z
37.5008672	24.89682387	5.79987936	2009-04-25T16:21:16Z
37.50081732	24.89672773	3.79987936	2009-04-25T16:21:28Z
37.5007314	24.89662355	2.49987936	2009-04-25T16:21:39Z
37.500459	24.89639605	-2.10012064	2009-04-25T16:22:23Z
37.50042647	24.89638998	-1.70012064	2009-04-25T16:22:34Z
37.49990233	24.896049	-5.70012064	2009-04-25T16:23:54Z
37.4997936	24.89600365	-4.70012064	2009-04-25T16:24:05Z
37.4991656	24.89529168	-12.30012064	2009-04-25T16:25:50Z
37.499224	24.89527023	-17.30012064	2009-04-25T16:26:02Z
37.49918858	24.89524268	-17.10012064	2009-04-25T16:26:50Z
37.49919092	24.89524413	-16.30012064	2009-04-25T16:27:02Z
37.49921152	24.89525923	-16.70012064	2009-04-25T16:28:15Z
37.49921317	24.89526265	-15.90012064	2009-04-25T16:28:27Z
37.4992117	24.89526495	-16.50012064	2009-04-25T16:28:38Z
37.49921148	24.89526525	-16.60012064	2009-04-25T16:28:50Z
37.49921133	24.89526492	-16.60012064	2009-04-25T16:29:02Z
