DAVAD   200901312300  9.6  79  1.3  NW  4.5  NW  4.83  0.00  0.0  1013.5 
DAVAD   200902010000  9.9  78  2.7  NW  7.2  WNW  9.66  0.00  0.0  1013.9 
DAVAD   200902010100  9.6  77  2.2  NW  5.4  WNW  8.05  0.00  0.0  1014.3 
DAVAD   200902010200  9.8  76  1.8  NW  5.4  NNW  6.44  0.00  0.0  1014.4 
DAVAD   200902010300  8.2  80  0.9  NE  2.7  ENE  3.22  0.00  0.0  1014.8 
DAVAD   200902010400  7.7  82  0.9  ENE  2.2  NE  3.22  0.00  0.0  1015.1 
DAVAD   200902010500  8.4  80  0.9  ENE  2.2  ENE  3.22  0.00  0.0  1015.9 
DAVAD   200902010600  8.3  80  1.3  ENE  2.7  NE  4.83  0.00  0.0  1016.2 
DAVAD   200902010700  10.8  75  0.4  NE  2.2  NE  1.61  0.00  0.0  1016.5 
DAVAD   200902010800  12.1  68  1.3  NE  3.1  NE  4.83  0.00  0.0  1016.9 
DAVAD   200902010900  12.0  64  1.3  NE  3.1  N  4.83  0.00  0.0  1017.3 
DAVAD   200902011000  13.1  62  1.3  N  4.0  WNW  4.83  0.00  0.0  1017.2 
DAVAD   200902011100  13.2  60  1.3  WNW  4.0  W  4.83  0.00  0.0  1016.7 
DAVAD   200902011200  13.0  63  1.3  WNW  4.9  NNE  4.83  0.00  0.0  1015.9 
DAVAD   200902011300  13.6  59  1.3  ESE  4.0  ESE  4.83  0.00  0.0  1016.1 
DAVAD   200902011400  13.5  59  0.9  NNE  2.7  N  3.22  0.00  0.0  1016.6 
DAVAD   200902011500  12.5  63  0.4  ESE  2.2  ESE  1.61  0.00  0.0  1017.2 
DAVAD   200902011600  10.7  69  0.9  ESE  2.2  ESE  3.22  0.00  0.0  1016.8 
DAVAD   200902011700  11.1  69  1.3  E  3.1  ESE  4.83  0.00  0.0  1017.2 
DAVAD   200902011800  11.2  70  1.8  E  3.6  ENE  6.44  0.00  0.0  1017.3 
DAVAD   200902011900  11.5  68  1.8  E  4.5  ENE  6.44  0.00  0.0  1017.5 
DAVAD   200902012000  11.9  69  3.1  E  6.7  E  11.27  0.00  0.0  1018.0 
DAVAD   200902012100  11.1  75  2.2  E  5.8  ESE  8.05  1.00  4.8  1018.2 
DAVAD   200902012200  10.4  78  1.3  E  4.0  E  4.83  0.20  1.2  1018.0 
DAVAD   200902012300  11.3  72  2.2  E  5.4  E  8.05  0.00  0.0  1017.9 
DAVAD   200902020000  11.5  72  2.7  E  6.3  E  9.66  0.00  0.0  1018.8 
DAVAD   200902020100  11.6  67  3.1  E  6.7  E  11.27  0.00  0.0  1017.9 
DAVAD   200902020200  12.0  70  3.6  E  6.3  E  12.87  0.00  0.0  1017.5 
DAVAD   200902020300  12.7  73  4.5  E  7.6  E  16.09  0.00  0.0  1017.7 
DAVAD   200902020400  12.5  72  3.1  E  7.2  E  11.27  0.00  0.0  1017.7 
DAVAD   200902020500  12.6  72  1.3  E  3.6  E  4.83  0.00  0.0  1017.9 
DAVAD   200902020600  13.8  69  2.2  E  5.8  E  8.05  0.00  0.0  1018.1 
DAVAD   200902020700  14.2  72  2.2  E  5.8  E  8.05  0.00  0.0  1018.9 
DAVAD   200902020800  14.6  76  3.6  E  6.7  E  12.87  0.00  0.0  1019.0 
DAVAD   200902020900  15.9  74  3.6  ESE  6.3  ESE  12.87  0.00  0.0  1019.0 
DAVAD   200902021000  16.8  70  4.0  E  7.6  E  14.48  0.00  0.0  1018.6 
DAVAD   200902021100  16.3  73  3.6  E  6.7  E  12.87  0.00  0.0  1018.0 
DAVAD   200902021200  16.3  77  4.0  E  7.2  ENE  14.48  0.00  0.0  1017.6 
DAVAD   200902021300  16.0  79  4.5  E  8.0  E  16.09  0.00  0.0  1017.4 
DAVAD   200902021400  15.9  82  4.9  E  8.0  ESE  17.70  0.00  0.0  1018.0 
DAVAD   200902021500  15.6  82  4.5  E  8.0  ESE  16.09  0.00  0.0  1018.0 
DAVAD   200902021600  15.1  84  4.0  E  7.2  E  14.48  0.00  0.0  1018.5 
DAVAD   200902021700  15.2  84  3.1  E  6.3  E  11.27  0.00  0.0  1018.9 
DAVAD   200902021800  15.2  85  3.1  E  5.8  E  11.27  0.00  0.0  1019.1 
DAVAD   200902021900  15.3  84  3.1  E  5.4  ESE  11.27  0.00  0.0  1018.9 
DAVAD   200902022000  15.0  85  2.7  E  4.9  E  9.66  0.00  0.0  1018.9 
DAVAD   200902022100  14.9  84  2.2  ESE  4.9  E  8.05  0.00  0.0  1019.2 
DAVAD   200902022200  14.9  85  1.3  ESE  4.0  E  4.83  0.00  0.0  1020.1 
DAVAD   200902022300  13.9  86  0.0  ESE  1.3  ESE  0.00  0.00  0.0  1019.7 
DAVAD   200902030000  14.2  87  0.4  ESE  1.8  ESE  1.61  0.00  0.0  1019.3 
DAVAD   200902030100  14.9  86  1.8  ESE  4.0  ESE  6.44  0.00  0.0  1018.9 
DAVAD   200902030200  14.9  87  2.7  E  5.8  ESE  9.66  0.00  0.0  1018.7 
DAVAD   200902030300  14.4  87  1.8  ESE  4.0  ESE  6.44  0.00  0.0  1018.7 
DAVAD   200902030400  14.3  85  1.8  ESE  4.0  ESE  6.44  0.00  0.0  1018.8 
DAVAD   200902030500  14.9  83  2.2  ESE  4.5  E  8.05  0.00  0.0  1019.3 
DAVAD   200902030600  14.9  84  2.7  ESE  4.5  ESE  9.66  0.00  0.0  1019.1 
DAVAD   200902030700  15.8  82  3.6  E  6.3  E  12.87  0.00  0.0  1019.4 
DAVAD   200902030800  16.4  82  3.6  ESE  6.7  ESE  12.87  0.00  0.0  1019.5 
DAVAD   200902030900  17.4  75  4.0  ESE  7.2  ESE  14.48  0.00  0.0  1019.1 
DAVAD   200902031000  17.9  73  4.5  ESE  8.0  SE  16.09  0.00  0.0  1018.6 
DAVAD   200902031100  18.2  72  4.5  ESE  7.6  E  16.09  0.00  0.0  1017.6 
DAVAD   200902031200  18.2  73  5.4  ESE  9.4  SE  19.31  0.00  0.0  1017.4 
DAVAD   200902031300  18.2  74  4.9  ESE  7.6  ESE  17.70  0.00  0.0  1017.2 
DAVAD   200902031400  18.1  68  4.0  ESE  7.2  E  14.48  0.00  0.0  1016.5 
DAVAD   200902031500  17.9  64  5.4  ESE  8.9  E  19.31  0.00  0.0  1016.0 
DAVAD   200902031600  17.4  67  5.4  ESE  8.9  E  19.31  0.00  0.0  1016.6 
DAVAD   200902031700  16.8  73  4.0  ESE  7.2  ESE  14.48  0.00  0.0  1016.4 
DAVAD   200902031800  16.7  76  4.9  ESE  8.5  ESE  17.70  0.00  0.0  1016.5 
DAVAD   200902031900  16.3  79  4.9  ESE  8.5  E  17.70  0.00  0.0  1016.3 
DAVAD   200902032000  16.3  79  5.8  ESE  9.8  ESE  20.92  0.00  0.0  1016.3 
DAVAD   200902032100  16.0  81  4.9  ESE  8.5  SE  17.70  0.00  0.0  1016.2 
DAVAD   200902032200  15.7  83  4.9  ESE  9.4  SE  17.70  0.00  0.0  1016.1 
DAVAD   200902032300  15.7  82  4.9  E  8.5  E  17.70  0.00  0.0  1014.9 
DAVAD   200902040000  15.7  80  4.9  ESE  8.5  SE  17.70  0.00  0.0  1014.5 
DAVAD   200902040100  15.7  81  4.0  ESE  7.6  ESE  14.48  0.00  0.0  1014.4 
DAVAD   200902040200  15.9  77  0.9  ESE  5.8  SSE  3.22  0.00  0.0  1013.9 
DAVAD   200902040300  16.1  77  4.0  ESE  9.8  ESE  14.48  0.00  0.0  1013.3 
DAVAD   200902040400  16.0  78  4.0  ESE  8.0  E  14.48  0.00  0.0  1012.3 
DAVAD   200902040500  16.0  79  4.9  ESE  9.8  SE  17.70  0.00  0.0  1011.7 
DAVAD   200902040600  16.3  77  5.4  ESE  11.6  ESE  19.31  0.00  0.0  1011.0 
DAVAD   200902040700  16.8  75  6.3  ESE  14.3  SE  22.53  0.00  0.0  1011.8 
DAVAD   200902040800  17.1  78  6.3  ESE  12.5  SE  22.53  0.00  0.0  1011.9 
DAVAD   200902040900  18.0  75  4.0  ESE  9.4  SE  14.48  0.00  0.0  1012.0 
DAVAD   200902041000  18.3  70  4.0  ESE  10.3  SSE  14.48  0.00  0.0  1011.2 
DAVAD   200902041100  18.0  71  4.0  ESE  10.3  SSE  14.48  0.00  0.0  1010.3 
DAVAD   200902041200  17.5  74  3.6  ESE  10.3  SSE  12.87  0.00  0.0  1010.2 
DAVAD   200902041300  17.6  71  2.7  ESE  8.5  SSE  9.66  0.00  0.0  1009.8 
DAVAD   200902041400  17.3  71  2.7  ESE  8.0  SSE  9.66  0.00  0.0  1009.2 
DAVAD   200902041500  16.9  74  2.2  SE  7.2  SE  8.05  0.00  0.0  1009.8 
DAVAD   200902041600  16.3  77  1.3  SE  7.2  SSW  4.83  0.00  0.0  1010.1 
DAVAD   200902041700  16.1  80  1.8  SE  5.8  SSE  6.44  0.00  0.0  1010.0 
DAVAD   200902041800  15.7  83  2.2  ESE  6.3  SSE  8.05  0.00  0.0  1010.4 
DAVAD   200902041900  15.6  76  1.8  SE  5.8  SSE  6.44  0.00  0.0  1010.8 
DAVAD   200902042000  15.5  75  0.9  SE  4.9  ESE  3.22  0.00  0.0  1011.3 
DAVAD   200902042100  15.3  80  1.3  SE  5.8  ESE  4.83  0.00  0.0  1011.4 
DAVAD   200902042200  15.2  82  1.3  NE  6.7  SE  4.83  0.00  0.0  1011.0 
DAVAD   200902042300  15.0  83  1.3  NE  5.8  NW  4.83  0.00  0.0  1010.9 
DAVAD   200902050000  14.9  84  0.9  W  4.9  SSW  3.22  0.00  0.0  1011.0 
DAVAD   200902050100  14.9  83  1.3  NW  6.3  SW  4.83  0.00  0.0  1010.7 
DAVAD   200902050200  14.9  83  0.9  WNW  6.3  W  3.22  0.00  0.0  1010.6 
DAVAD   200902050300  14.6  82  0.9  WSW  4.9  WNW  3.22  0.00  0.0  1010.8 
DAVAD   200902050400  14.9  81  0.9  W  5.8  SW  3.22  0.00  0.0  1011.1 
DAVAD   200902050500  14.7  80  0.4  WSW  3.6  WSW  1.61  0.00  0.0  1011.4 
DAVAD   200902050600  14.7  79  0.4  W  4.5  W  1.61  0.00  0.0  1011.9 
DAVAD   200902050700  15.5  79  1.3  W  5.4  SW  4.83  0.00  0.0  1012.3 
DAVAD   200902050800  16.4  76  1.3  W  5.4  W  4.83  0.00  0.0  1012.7 
DAVAD   200902050900  16.9  73  1.3  W  4.5  WSW  4.83  0.00  0.0  1012.8 
DAVAD   200902051000  16.7  74  1.8  WNW  4.5  WSW  6.44  0.00  0.0  1012.6 
DAVAD   200902051100  16.4  70  2.7  W  4.9  WNW  9.66  0.00  0.0  1012.3 
DAVAD   200902051200  16.5  69  2.7  W  5.4  W  9.66  0.00  0.0  1011.9 
DAVAD   200902051300  17.0  74  2.2  W  4.9  WNW  8.05  0.00  0.0  1011.6 
DAVAD   200902051400  16.9  72  1.3  W  4.5  W  4.83  0.00  0.0  1011.6 
DAVAD   200902051500  16.1  73  1.3  W  4.0  WNW  4.83  0.00  0.0  1011.6 
DAVAD   200902051600  15.0  74  0.4  WSW  3.1  WNW  1.61  0.00  0.0  1012.1 
DAVAD   200902051700  14.2  78  0.0  SW  1.8  WSW  0.00  0.00  0.0  1012.2 
DAVAD   200902051800  13.3  82  0.0  SSW  1.3  SSW  0.00  0.00  0.0  1012.2 
DAVAD   200902051900  13.2  81  0.0  SSW  0.9  SSW  0.00  0.00  0.0  1012.3 
DAVAD   200902052000  13.8  82  0.0  ESE  1.3  S  0.00  0.00  0.0  1012.5 
DAVAD   200902052100  13.3  83  0.0  SE  0.9  ESE  0.00  0.00  0.0  1012.8 
DAVAD   200902052200  13.0  86  0.0  SE  0.4  SE  0.00  0.00  0.0  1012.6 
DAVAD   200902052300  12.2  86  0.0  SE  0.9  SE  0.00  0.00  0.0  1012.1 
DAVAD   200902060000  12.5  87  0.0  SE  1.3  SE  0.00  0.00  0.0  1012.1 
DAVAD   200902060100  12.3  88  0.0  SE  0.9  SE  0.00  0.00  0.0  1011.9 
DAVAD   200902060200  11.9  88  0.0  M  0.0  M  0.00  0.00  0.0  1011.7 
DAVAD   200902060300  13.1  89  0.0  SE  2.2  SE  0.00  0.00  0.0  1011.8 
DAVAD   200902060400  13.1  88  0.0  SE  2.2  SE  0.00  0.00  0.0  1011.6 
DAVAD   200902060500  13.3  87  0.4  E  2.7  SE  1.61  0.00  0.0  1012.0 
DAVAD   200902060600  13.6  86  0.4  SE  3.1  SE  1.61  0.00  0.0  1011.9 
DAVAD   200902060700  15.9  81  0.4  SE  3.1  SSW  1.61  0.00  0.0  1011.9 
DAVAD   200902060800  16.4  76  0.9  SE  4.9  WSW  3.22  0.20  0.0  1012.0 
DAVAD   200902060900  17.0  72  0.9  ESE  5.4  S  3.22  0.00  0.0  1012.4 
DAVAD   200902061000  16.8  72  0.9  WNW  4.9  SW  3.22  0.00  0.0  1011.9 
DAVAD   200902061100  16.6  71  0.9  SE  4.9  SSW  3.22  0.00  0.0  1011.1 
DAVAD   200902061200  16.9  74  0.9  NNW  6.3  S  3.22  0.00  0.0  1010.6 
DAVAD   200902061300  16.3  76  0.9  SE  5.4  SSW  3.22  0.00  0.0  1009.8 
DAVAD   200902061400  15.4  80  1.3  W  5.4  WNW  4.83  0.00  0.0  1010.5 
DAVAD   200902061500  14.9  84  1.3  ESE  4.0  ESE  4.83  0.00  0.0  1009.3 
DAVAD   200902061600  14.7  81  1.8  ESE  4.9  ESE  6.44  0.00  0.0  1009.7 
DAVAD   200902061700  15.1  80  2.7  ESE  6.3  ESE  9.66  0.00  0.0  1009.9 
DAVAD   200902061800  14.9  77  4.0  ESE  8.0  ESE  14.48  0.20  0.0  1009.8 
DAVAD   200902061900  15.0  79  4.5  ESE  8.5  SE  16.09  0.00  0.0  1010.1 
DAVAD   200902062000  15.8  74  4.5  ESE  8.9  SE  16.09  0.00  0.0  1009.9 
DAVAD   200902062100  15.8  75  3.6  ESE  7.6  ESE  12.87  0.00  0.0  1009.8 
DAVAD   200902062200  16.0  77  2.7  ESE  7.2  ESE  9.66  0.00  0.0  1009.7 
DAVAD   200902062300  16.1  78  1.8  ESE  6.7  SE  6.44  0.00  0.0  1009.0 
DAVAD   200902070000  15.8  81  1.3  SE  4.9  SE  4.83  0.00  0.0  1008.9 
DAVAD   200902070100  15.8  84  0.9  S  4.9  SE  3.22  0.00  0.0  1008.9 
DAVAD   200902070200  15.4  86  0.4  WNW  3.1  WSW  1.61  0.00  0.0  1008.4 
DAVAD   200902070300  15.1  87  0.4  E  4.5  SSW  1.61  0.00  0.0  1008.3 
DAVAD   200902070400  14.9  88  0.9  ESE  4.5  SSW  3.22  0.00  0.0  1008.4 
DAVAD   200902070500  14.9  88  0.9  SW  4.5  S  3.22  0.00  0.0  1008.2 
DAVAD   200902070600  14.9  88  0.9  SE  4.0  S  3.22  0.00  0.0  1009.0 
DAVAD   200902070700  15.2  87  0.9  SSE  4.9  SSW  3.22  0.00  0.0  1009.1 
DAVAD   200902070800  16.4  83  1.3  WNW  4.9  WSW  4.83  0.00  0.0  1009.2 
DAVAD   200902070900  17.2  79  1.3  SSE  6.3  SSW  4.83  0.00  0.0  1009.0 
DAVAD   200902071000  17.2  76  1.3  S  5.4  SW  4.83  0.00  0.0  1008.9 
DAVAD   200902071100  17.1  76  0.9  SE  5.8  S  3.22  0.00  0.0  1008.4 
DAVAD   200902071200  17.3  70  0.9  SE  5.4  SW  3.22  0.00  0.0  1007.5 
DAVAD   200902071300  16.4  74  2.2  ESE  8.0  SE  8.05  0.00  0.0  1007.3 
DAVAD   200902071400  15.9  80  3.1  ESE  7.6  SE  11.27  0.00  0.0  1006.8 
DAVAD   200902071500  15.9  79  4.0  ESE  8.0  ESE  14.48  0.00  0.0  1006.1 
DAVAD   200902071600  16.3  70  4.0  ESE  8.0  ESE  14.48  0.00  0.0  1005.1 
DAVAD   200902071700  16.4  72  3.1  ESE  7.2  E  11.27  0.00  0.0  1005.2 
DAVAD   200902071800  16.8  73  4.9  ESE  12.1  SE  17.70  0.00  0.0  1005.3 
DAVAD   200902071900  17.2  71  4.5  ESE  10.3  SE  16.09  0.00  0.0  1005.4 
DAVAD   200902072000  16.8  76  4.0  ESE  8.9  S  14.48  0.00  0.0  1005.2 
DAVAD   200902072100  16.8  75  3.1  ESE  7.2  SSE  11.27  0.00  0.0  1004.8 
DAVAD   200902072200  17.9  71  3.6  ESE  9.4  SSW  12.87  0.00  0.0  1004.4 
DAVAD   200902072300  16.8  79  2.2  SE  7.6  SE  8.05  0.20  0.0  1005.2 
DAVAD   200902080000  16.2  83  2.2  NE  8.5  SSW  8.05  0.20  0.0  1005.8 
DAVAD   200902080100  15.6  86  2.2  NE  8.5  SW  8.05  1.20  7.2  1005.0 
DAVAD   200902080200  15.3  86  1.8  W  6.3  SW  6.44  1.00  1.6  1005.3 
DAVAD   200902080300  16.3  75  1.3  E  6.3  SE  4.83  0.20  0.0  1003.0 
DAVAD   200902080400  18.0  63  3.6  SE  11.2  SSE  12.87  0.20  0.0  1003.1 
DAVAD   200902080500  18.6  60  3.1  ESE  13.0  SSE  11.27  0.20  0.0  1003.0 
DAVAD   200902080600  17.2  69  4.5  E  18.8  SSW  16.09  0.00  0.0  1001.9 
DAVAD   200902080700  17.5  69  4.0  NE  13.4  SE  14.48  0.20  0.0  1002.5 
DAVAD   200902080800  17.8  70  2.7  NE  8.9  WSW  9.66  0.00  0.0  1003.3 
DAVAD   200902080900  17.4  70  2.7  NE  9.4  SSW  9.66  0.00  0.0  1004.1 
DAVAD   200902081000  15.9  79  3.1  NW  11.2  SSW  11.27  0.80  2.6  1004.8 
DAVAD   200902081100  15.3  82  2.7  W  10.7  SSE  9.66  2.20  5.8  1003.3 
DAVAD   200902081200  16.2  82  2.2  NE  8.5  WNW  8.05  0.00  0.0  1003.3 
DAVAD   200902081300  17.0  78  1.3  NNE  6.3  WSW  4.83  0.00  0.0  1003.2 
DAVAD   200902081400  16.7  74  1.8  E  6.7  SW  6.44  0.00  0.0  1002.8 
DAVAD   200902081500  15.9  70  2.2  SSW  8.5  S  8.05  0.00  0.0  1003.1 
DAVAD   200902081600  15.1  69  2.2  NNE  7.6  WSW  8.05  0.00  0.0  1003.4 
DAVAD   200902081700  14.9  72  1.8  NE  7.6  SW  6.44  0.00  0.0  1003.9 
DAVAD   200902081800  14.9  72  1.8  NW  6.7  W  6.44  0.00  0.0  1003.9 
DAVAD   200902081900  14.9  71  2.2  NW  8.5  WNW  8.05  0.00  0.0  1004.1 
DAVAD   200902082000  14.7  70  1.3  WNW  5.4  WNW  4.83  0.00  0.0  1004.6 
DAVAD   200902082100  14.6  68  1.3  W  6.3  W  4.83  0.00  0.0  1005.3 
DAVAD   200902082200  14.5  68  1.3  WNW  5.8  WSW  4.83  0.00  0.0  1005.2 
DAVAD   200902082300  14.4  71  1.3  NW  6.7  W  4.83  0.00  0.0  1005.2 
DAVAD   200902090000  14.7  73  1.8  WNW  8.5  WNW  6.44  0.00  0.0  1004.6 
DAVAD   200902090100  13.1  77  2.7  W  10.7  SW  9.66  0.00  0.0  1004.4 
DAVAD   200902090200  13.1  76  1.8  WNW  7.6  W  6.44  0.00  0.0  1004.2 
DAVAD   200902090300  12.9  77  2.2  W  8.9  WSW  8.05  0.00  0.0  1004.6 
DAVAD   200902090400  11.8  83  2.2  ENE  9.8  W  8.05  1.20  2.0  1004.0 
DAVAD   200902090500  12.1  80  1.8  E  7.2  SW  6.44  0.00  0.0  1003.8 
DAVAD   200902090600  12.7  76  1.8  E  6.3  ESE  6.44  0.00  0.0  1003.3 
DAVAD   200902090700  13.3  75  1.8  SE  8.0  SW  6.44  0.00  0.0  1003.2 
DAVAD   200902090800  12.1  77  2.7  SE  8.0  WSW  9.66  0.00  0.0  1003.4 
DAVAD   200902090900  14.2  67  1.8  SE  8.0  S  6.44  0.00  0.0  1003.1 
DAVAD   200902091000  13.9  70  1.3  E  5.4  SW  4.83  0.00  0.0  1002.7 
DAVAD   200902091100  14.0  71  1.8  NW  7.6  WNW  6.44  0.00  0.0  1002.2 
DAVAD   200902091200  12.8  71  4.0  W  9.4  WSW  14.48  0.00  0.0  1001.6 
DAVAD   200902091300  14.1  66  2.7  W  7.2  WNW  9.66  0.00  0.0  1001.4 
DAVAD   200902091400  13.9  67  5.4  W  10.3  W  19.31  0.00  0.0  1001.7 
DAVAD   200902091500  13.6  64  4.9  W  8.0  NW  17.70  0.00  0.0  1001.8 
DAVAD   200902091600  13.3  66  3.6  W  7.6  W  12.87  0.00  0.0  1002.6 
DAVAD   200902091700  13.3  67  4.0  W  7.6  WNW  14.48  0.00  0.0  1003.0 
DAVAD   200902091800  13.4  62  5.4  WNW  9.4  WNW  19.31  0.00  0.0  1003.5 
DAVAD   200902091900  12.2  70  4.9  WNW  11.6  W  17.70  0.00  0.0  1004.3 
DAVAD   200902092000  12.7  62  2.7  NW  6.7  WNW  9.66  0.00  0.0  1004.8 
DAVAD   200902092100  12.9  64  4.5  WNW  10.3  WNW  16.09  0.00  0.0  1005.5 
DAVAD   200902092200  12.9  65  4.5  WNW  9.4  W  16.09  0.00  0.0  1006.1 
DAVAD   200902092300  12.8  63  5.4  WNW  11.2  WNW  19.31  0.00  0.0  1006.5 
DAVAD   200902100000  12.6  66  6.3  WNW  11.2  WNW  22.53  0.00  0.0  1006.7 
DAVAD   200902100100  12.7  64  5.8  WNW  11.2  WNW  20.92  0.00  0.0  1007.7 
DAVAD   200902100200  12.7  64  5.8  WNW  11.6  WNW  20.92  0.00  0.0  1008.0 
DAVAD   200902100300  12.6  64  4.9  WNW  10.7  WNW  17.70  0.00  0.0  1008.5 
DAVAD   200902100400  12.3  63  4.0  NW  7.2  NW  14.48  0.00  0.0  1009.0 
DAVAD   200902100500  12.4  63  4.9  NW  9.8  WNW  17.70  0.00  0.0  1009.9 
DAVAD   200902100600  11.9  63  4.9  NW  9.8  WNW  17.70  0.00  0.0  1010.9 
DAVAD   200902100700  12.7  61  4.0  NW  8.0  WNW  14.48  0.00  0.0  1011.4 
DAVAD   200902100800  13.2  64  3.6  NW  7.2  NE  12.87  0.00  0.0  1012.2 
DAVAD   200902100900  13.3  62  3.6  NW  6.7  NW  12.87  0.00  0.0  1012.9 
DAVAD   200902101000  13.5  62  3.1  NW  6.3  NNW  11.27  0.00  0.0  1012.9 
DAVAD   200902101100  13.7  58  3.1  WNW  6.7  WNW  11.27  0.00  0.0  1012.9 
DAVAD   200902101200  13.9  57  3.6  WNW  8.0  WNW  12.87  0.00  0.0  1013.1 
DAVAD   200902101300  14.0  52  3.6  W  8.0  WNW  12.87  0.00  0.0  1013.0 
DAVAD   200902101400  14.0  54  2.2  WNW  5.8  WNW  8.05  0.00  0.0  1013.1 
DAVAD   200902101500  14.2  55  0.9  W  4.0  W  3.22  0.00  0.0  1013.1 
DAVAD   200902101600  12.5  61  0.0  SW  1.3  WSW  0.00  0.00  0.0  1013.4 
DAVAD   200902101700  13.3  64  0.4  SW  4.5  W  1.61  0.00  0.0  1013.5 
DAVAD   200902101800  13.1  65  0.9  W  4.0  WSW  3.22  0.00  0.0  1013.4 
DAVAD   200902101900  13.0  61  0.4  W  4.0  W  1.61  0.00  0.0  1013.2 
DAVAD   200902102000  12.7  64  0.4  SE  2.7  SE  1.61  0.00  0.0  1012.8 
DAVAD   200902102100  12.7  67  0.4  SE  2.2  SE  1.61  0.00  0.0  1012.6 
DAVAD   200902102200  12.8  71  0.4  SE  1.8  SE  1.61  0.00  0.0  1012.3 
DAVAD   200902102300  13.4  67  0.4  W  3.1  W  1.61  0.00  0.0  1012.0 
DAVAD   200902110000  13.8  65  1.3  W  4.0  W  4.83  0.00  0.0  1011.5 
DAVAD   200902110100  13.8  64  1.8  W  5.8  W  6.44  0.00  0.0  1011.5 
DAVAD   200902110200  13.2  64  3.1  W  7.6  W  11.27  0.00  0.0  1010.8 
DAVAD   200902110300  13.3  68  2.2  W  5.8  WNW  8.05  0.00  0.0  1010.5 
DAVAD   200902110400  12.5  71  0.9  W  4.5  WNW  3.22  0.00  0.0  1010.2 
DAVAD   200902110500  12.7  71  0.4  SW  2.2  WSW  1.61  0.00  0.0  1009.8 
DAVAD   200902110600  13.3  74  0.4  SSE  2.7  SW  1.61  0.00  0.0  1009.2 
DAVAD   200902110700  14.9  76  0.9  WSW  5.8  SW  3.22  0.00  0.0  1009.0 
DAVAD   200902110800  16.1  74  0.9  WSW  4.5  W  3.22  0.00  0.0  1008.8 
DAVAD   200902110900  16.8  75  1.8  W  7.6  WSW  6.44  0.00  0.0  1008.4 
DAVAD   200902111000  16.9  75  1.8  W  6.7  W  6.44  0.00  0.0  1008.1 
DAVAD   200902111100  16.8  75  1.3  WNW  6.7  S  4.83  0.00  0.0  1007.3 
DAVAD   200902111200  16.7  76  1.8  NW  6.3  SW  6.44  0.00  0.0  1006.4 
DAVAD   200902111300  16.6  77  1.8  NW  6.3  SW  6.44  0.00  0.0  1006.2 
DAVAD   200902111400  16.1  78  1.8  SW  6.3  S  6.44  0.00  0.0  1005.7 
DAVAD   200902111500  15.7  78  1.8  NNW  6.3  SSW  6.44  0.00  0.0  1005.0 
DAVAD   200902111600  15.5  80  2.2  NW  7.2  SW  8.05  0.00  0.0  1004.7 
DAVAD   200902111700  15.5  81  2.2  NE  6.7  SSE  8.05  0.00  0.0  1004.7 
DAVAD   200902111800  15.3  80  2.2  NNE  11.6  W  8.05  0.00  0.0  1004.7 
DAVAD   200902111900  15.5  80  2.2  NE  7.6  SSW  8.05  0.00  0.0  1004.1 
DAVAD   200902112000  15.6  81  2.7  NE  7.6  SSE  9.66  0.00  0.0  1003.7 
DAVAD   200902112100  15.2  82  2.7  S  9.8  SW  9.66  0.00  0.0  1003.4 
DAVAD   200902112200  14.9  80  2.2  NE  7.6  SW  8.05  0.20  0.0  1003.3 
DAVAD   200902112300  14.6  76  2.2  NE  8.5  S  8.05  0.00  0.0  1002.6 
DAVAD   200902120000  14.9  71  2.2  NW  9.4  W  8.05  0.00  0.0  1002.2 
DAVAD   200902120100  14.7  67  2.7  WNW  9.4  WSW  9.66  0.00  0.0  1002.2 
DAVAD   200902120200  14.7  64  3.1  WNW  12.1  WSW  11.27  0.00  0.0  1001.8 
DAVAD   200902120300  13.8  65  4.0  WNW  13.9  WSW  14.48  0.00  0.0  1001.5 
DAVAD   200902120400  13.1  71  5.8  WNW  13.9  WSW  20.92  0.00  0.0  1001.7 
DAVAD   200902120500  13.1  66  4.9  WNW  13.0  W  17.70  0.00  0.0  1002.6 
DAVAD   200902120600  12.9  67  5.8  WNW  11.2  W  20.92  0.00  0.0  1003.6 
DAVAD   200902120700  13.3  61  5.4  WNW  11.6  W  19.31  0.00  0.0  1004.8 
DAVAD   200902120800  13.9  60  4.5  WNW  10.7  W  16.09  0.00  0.0  1005.4 
DAVAD   200902120900  14.6  59  4.0  WNW  12.1  W  14.48  0.00  0.0  1006.2 
DAVAD   200902121000  14.9  62  4.0  WNW  9.8  SSW  14.48  0.00  0.0  1006.1 
DAVAD   200902121100  15.6  59  2.7  NW  9.8  W  9.66  0.00  0.0  1006.0 
DAVAD   200902121200  15.6  62  2.7  NW  8.0  WSW  9.66  0.00  0.0  1005.6 
DAVAD   200902121300  14.1  68  2.2  WNW  7.6  W  8.05  0.00  0.0  1005.4 
DAVAD   200902121400  13.8  70  2.2  NW  11.6  W  8.05  0.00  0.0  1005.5 
DAVAD   200902121500  11.9  77  2.2  WNW  8.5  SE  8.05  0.20  0.0  1004.9 
DAVAD   200902121600  12.2  77  2.2  SE  6.7  SSE  8.05  0.00  0.0  1004.6 
DAVAD   200902121700  12.6  77  1.8  ESE  7.2  SSW  6.44  0.00  0.0  1004.4 
DAVAD   200902121800  11.9  80  1.8  ENE  10.3  SSW  6.44  0.60  5.4  1004.4 
DAVAD   200902121900  13.1  68  2.7  W  11.6  W  9.66  0.20  0.0  1004.5 
DAVAD   200902122000  12.6  66  3.1  W  12.1  SW  11.27  0.00  0.0  1004.7 
DAVAD   200902122100  12.5  63  3.1  E  8.5  SSE  11.27  0.00  0.0  1004.1 
DAVAD   200902122200  12.6  68  2.7  ENE  11.2  S  9.66  0.00  0.0  1004.8 
DAVAD   200902122300  12.3  73  2.7  NNE  10.3  SW  9.66  0.00  0.0  1004.5 
DAVAD   200902130000  12.3  75  2.2  NE  8.5  SSW  8.05  0.00  0.0  1004.1 
DAVAD   200902130100  13.1  64  2.7  WNW  10.7  SW  9.66  0.00  0.0  1004.2 
DAVAD   200902130200  12.7  65  2.2  WNW  8.0  W  8.05  0.00  0.0  1004.1 
DAVAD   200902130300  12.7  66  2.2  NW  8.0  WSW  8.05  0.00  0.0  1004.0 
DAVAD   200902130400  12.1  69  3.6  W  9.4  W  12.87  0.20  0.0  1004.0 
DAVAD   200902130500  12.1  66  1.8  WNW  6.7  WSW  6.44  0.00  0.0  1004.1 
DAVAD   200902130600  11.5  71  1.3  NNE  6.7  SSE  4.83  0.00  0.0  1004.7 
DAVAD   200902130700  12.7  64  1.3  NE  6.3  SW  4.83  0.00  0.0  1005.0 
DAVAD   200902130800  12.1  60  2.2  NW  8.0  NW  8.05  0.00  0.0  1005.2 
DAVAD   200902130900  13.4  60  1.8  W  7.2  WSW  6.44  0.00  0.0  1005.2 
DAVAD   200902131000  14.7  58  1.8  WNW  6.7  W  6.44  0.00  0.0  1005.4 
DAVAD   200902131100  14.9  58  1.8  WNW  7.6  WNW  6.44  0.00  0.0  1005.3 
DAVAD   200902131200  13.8  62  2.2  WNW  7.2  WSW  8.05  0.00  0.0  1004.7 
DAVAD   200902131300  12.3  61  1.8  WNW  8.9  WNW  6.44  0.00  0.0  1004.7 
DAVAD   200902131400  10.9  71  4.5  W  9.4  W  16.09  0.00  0.0  1004.4 
DAVAD   200902131500  11.2  72  0.9  W  4.0  W  3.22  0.00  0.0  1004.3 
DAVAD   200902131600  9.7  78  0.9  SE  5.8  SE  3.22  1.00  4.4  1004.3 
DAVAD   200902131700  10.1  77  1.3  SE  4.5  SSE  4.83  0.00  0.0  1003.6 
DAVAD   200902131800  10.4  75  1.3  SE  5.8  WNW  4.83  0.20  0.0  1003.2 
DAVAD   200902131900  9.3  80  1.3  WSW  9.4  WSW  4.83  1.00  18.8  1002.5 
DAVAD   200902132000  9.8  81  0.4  SE  3.1  SE  1.61  0.00  0.0  1002.0 
DAVAD   200902132100  10.3  78  0.9  SE  4.5  S  3.22  0.00  0.0  1001.6 
DAVAD   200902132200  10.7  75  1.3  ESE  6.3  W  4.83  0.20  0.0  1001.0 
DAVAD   200902132300  11.0  71  1.3  ESE  4.9  W  4.83  0.00  0.0  1000.0 
DAVAD   200902140000  9.8  77  1.8  SE  10.7  W  6.44  0.80  6.0  1000.1 
DAVAD   200902140100  8.2  80  2.2  WNW  11.6  W  8.05  0.00  0.0  999.3 
DAVAD   200902140200  10.8  73  1.3  WNW  8.0  WSW  4.83  0.00  0.0  998.6 
DAVAD   200902140300  11.2  70  3.1  WNW  10.3  WSW  11.27  0.00  0.0  998.6 
DAVAD   200902140400  8.7  78  4.0  W  11.2  W  14.48  3.00  53.6  999.3 
DAVAD   200902140500  8.7  80  5.4  WNW  10.3  WNW  19.31  0.80  12.6  1000.3 
DAVAD   200902140600  8.8  78  5.4  WNW  9.8  WNW  19.31  0.20  0.0  1001.2 
DAVAD   200902140700  8.8  77  5.4  WNW  10.3  W  19.31  0.00  0.0  1001.7 
DAVAD   200902140800  9.2  77  5.4  WNW  10.7  W  19.31  0.00  0.0  1001.9 
DAVAD   200902140900  9.5  73  5.4  WNW  11.2  WNW  19.31  0.00  0.0  1002.4 
DAVAD   200902141000  9.7  74  4.5  WNW  9.4  NW  16.09  0.00  0.0  1002.6 
DAVAD   200902141100  9.9  73  4.5  WNW  8.0  NW  16.09  0.00  0.0  1002.3 
DAVAD   200902141200  10.7  70  3.1  WNW  6.7  NW  11.27  0.00  0.0  1002.1 
DAVAD   200902141300  10.7  68  3.1  NW  7.2  NW  11.27  0.00  0.0  1002.0 
DAVAD   200902141400  10.2  68  2.7  NNW  7.2  NW  9.66  0.00  0.0  1002.4 
DAVAD   200902141500  9.6  69  2.2  NNE  5.8  NNW  8.05  0.00  0.0  1002.7 
DAVAD   200902141600  9.2  68  3.1  N  7.6  NNE  11.27  0.00  0.0  1003.3 
DAVAD   200902141700  9.1  70  3.6  NNE  8.5  NE  12.87  0.00  0.0  1003.9 
DAVAD   200902141800  8.9  70  4.0  N  9.4  NE  14.48  0.00  0.0  1004.3 
DAVAD   200902141900  8.9  73  2.7  N  7.2  NNW  9.66  0.00  0.0  1004.8 
DAVAD   200902142000  9.3  72  2.7  NNE  8.0  NW  9.66  0.00  0.0  1005.2 
DAVAD   200902142100  9.1  71  3.1  NNE  8.9  N  11.27  0.00  0.0  1005.6 
DAVAD   200902142200  9.3  69  2.7  NW  7.2  NW  9.66  0.00  0.0  1005.9 
DAVAD   200902142300  9.1  73  3.1  NW  9.8  WNW  11.27  0.40  3.2  1006.3 
DAVAD   200902150000  9.4  69  3.6  WNW  7.2  WNW  12.87  0.00  0.0  1006.7 
DAVAD   200902150100  9.3  68  4.5  WNW  7.6  NW  16.09  0.00  0.0  1006.9 
DAVAD   200902150200  8.9  65  4.5  NW  8.5  WNW  16.09  0.00  0.0  1006.9 
DAVAD   200902150300  8.8  69  3.6  NW  8.9  WNW  12.87  0.00  0.0  1007.3 
DAVAD   200902150400  8.5  70  3.1  NW  6.7  WNW  11.27  0.00  0.0  1007.8 
DAVAD   200902150500  8.4  69  3.1  NW  5.8  NW  11.27  0.00  0.0  1008.2 
DAVAD   200902150600  8.7  67  1.8  NW  5.4  WNW  6.44  0.00  0.0  1009.0 
DAVAD   200902150700  9.7  64  2.7  WNW  6.7  NW  9.66  0.00  0.0  1009.2 
DAVAD   200902150800  9.9  62  3.1  NW  7.6  WNW  11.27  0.00  0.0  1009.6 
DAVAD   200902150900  10.1  65  3.6  NW  7.6  NW  12.87  0.00  0.0  1010.1 
DAVAD   200902151000  10.3  63  2.7  NW  6.3  NW  9.66  0.00  0.0  1010.2 
DAVAD   200902151100  8.7  66  4.0  NW  8.9  W  14.48  0.00  0.0  1010.2 
DAVAD   200902151200  9.7  68  3.1  NW  7.2  ENE  11.27  0.00  0.0  1010.4 
DAVAD   200902151300  9.3  66  3.6  NW  7.6  WNW  12.87  0.00  0.0  1010.7 
DAVAD   200902151400  9.3  64  3.1  NW  6.3  WNW  11.27  0.00  0.0  1010.6 
DAVAD   200902151500  8.6  68  3.1  NNE  8.9  WNW  11.27  0.00  0.0  1011.0 
DAVAD   200902151600  8.1  66  3.1  NNE  8.0  NNE  11.27  0.00  0.0  1011.3 
DAVAD   200902151700  7.3  72  1.8  NNE  5.8  N  6.44  0.00  0.0  1012.0 
DAVAD   200902151800  6.9  73  1.3  NE  5.4  NNE  4.83  0.00  0.0  1012.6 
DAVAD   200902151900  7.1  73  0.9  NE  4.5  NE  3.22  0.00  0.0  1012.7 
DAVAD   200902152000  8.0  69  2.7  NNE  8.5  NNE  9.66  0.00  0.0  1012.8 
DAVAD   200902152100  7.8  71  3.1  N  8.9  N  11.27  0.00  0.0  1013.3 
DAVAD   200902152200  7.8  67  4.9  N  12.1  NNE  17.70  0.00  0.0  1013.3 
DAVAD   200902152300  8.0  68  3.6  N  7.2  N  12.87  0.00  0.0  1013.5 
DAVAD   200902160000  8.2  66  4.0  NNE  8.5  NNE  14.48  0.00  0.0  1013.9 
DAVAD   200902160100  7.9  69  4.0  NNE  10.7  NW  14.48  0.00  0.0  1014.2 
DAVAD   200902160200  7.4  69  4.0  N  9.8  NW  14.48  0.00  0.0  1014.2 
DAVAD   200902160300  7.0  73  4.0  NNW  11.6  WNW  14.48  0.00  0.0  1014.9 
DAVAD   200902160400  7.0  72  4.0  N  8.5  NNE  14.48  0.00  0.0  1015.1 
DAVAD   200902160500  7.4  70  3.6  NNE  8.5  NNE  12.87  0.00  0.0  1015.8 
DAVAD   200902160600  7.8  67  3.6  NNE  9.4  NW  12.87  0.00  0.0  1016.4 
DAVAD   200902160700  8.7  65  3.6  NNE  7.6  NNE  12.87  0.00  0.0  1016.6 
DAVAD   200902160800  8.8  65  5.4  N  10.7  NNE  19.31  0.00  0.0  1017.0 
DAVAD   200902160900  7.2  73  3.6  NW  9.8  NE  12.87  0.60  10.4  1017.5 
DAVAD   200902161000  9.2  65  4.5  NW  9.4  WNW  16.09  0.00  0.0  1017.5 
DAVAD   200902161100  9.7  62  4.5  NW  8.9  WNW  16.09  0.00  0.0  1017.2 
DAVAD   200902161200  8.9  67  4.0  NW  8.0  NW  14.48  0.00  0.0  1017.2 
DAVAD   200902161300  9.4  63  3.6  NW  7.6  NW  12.87  0.00  0.0  1017.2 
DAVAD   200902161400  8.9  63  2.7  NW  7.2  NW  9.66  0.00  0.0  1017.4 
DAVAD   200902161500  9.0  55  2.7  WNW  7.2  WNW  9.66  0.00  0.0  1017.4 
DAVAD   200902161600  8.6  61  2.7  NW  7.2  WNW  9.66  0.00  0.0  1017.9 
DAVAD   200902161700  8.6  57  2.2  NW  6.7  WNW  8.05  0.00  0.0  1018.3 
DAVAD   200902161800  8.7  56  3.1  WNW  6.3  WNW  11.27  0.00  0.0  1018.5 
DAVAD   200902161900  7.6  64  1.8  NW  4.9  NW  6.44  0.00  0.0  1018.8 
DAVAD   200902162000  7.4  63  1.3  NNW  4.9  NW  4.83  0.00  0.0  1019.1 
DAVAD   200902162100  5.7  68  0.9  NE  2.7  NW  3.22  0.00  0.0  1019.1 
DAVAD   200902162200  5.7  69  1.3  ENE  2.7  ENE  4.83  0.00  0.0  1019.5 
DAVAD   200902162300  5.3  69  0.9  ENE  2.7  NNE  3.22  0.00  0.0  1020.0 
DAVAD   200902170000  5.6  69  0.9  ENE  3.1  NE  3.22  0.00  0.0  1020.0 
DAVAD   200902170100  5.3  69  0.4  ENE  2.2  ENE  1.61  0.00  0.0  1020.1 
DAVAD   200902170200  5.2  69  0.4  ENE  2.2  ENE  1.61  0.00  0.0  1020.2 
DAVAD   200902170300  5.3  70  0.0  NE  2.2  NE  0.00  0.00  0.0  1020.3 
DAVAD   200902170400  5.4  68  0.0  ENE  1.8  ENE  0.00  0.00  0.0  1020.4 
DAVAD   200902170500  5.4  66  0.0  ENE  1.8  NE  0.00  0.00  0.0  1020.6 
DAVAD   200902170600  6.5  65  0.0  ENE  1.3  NE  0.00  0.00  0.0  1021.0 
DAVAD   200902170700  9.9  52  0.0  ENE  1.3  ENE  0.00  0.00  0.0  1021.1 
DAVAD   200902170800  9.9  48  0.9  ENE  3.1  WNW  3.22  0.00  0.0  1021.3 
DAVAD   200902170900  11.1  48  0.9  NNW  4.0  NNW  3.22  0.00  0.0  1021.0 
DAVAD   200902171000  10.4  53  0.9  WNW  3.1  WNW  3.22  0.00  0.0  1020.7 
DAVAD   200902171100  10.6  51  0.9  W  2.2  WSW  3.22  0.00  0.0  1020.2 
DAVAD   200902171200  11.2  52  0.9  W  2.7  WNW  3.22  0.00  0.0  1019.4 
DAVAD   200902171300  11.2  52  0.9  W  4.0  WSW  3.22  0.00  0.0  1019.1 
DAVAD   200902171400  11.3  52  0.4  SE  2.2  SSW  1.61  0.00  0.0  1018.7 
DAVAD   200902171500  10.8  55  0.4  SE  4.5  SE  1.61  0.00  0.0  1018.4 
DAVAD   200902171600  9.8  60  0.0  SE  2.2  ESE  0.00  0.00  0.0  1018.1 
DAVAD   200902171700  9.7  59  0.0  SE  1.3  SE  0.00  0.00  0.0  1017.7 
DAVAD   200902171800  9.9  59  0.4  SE  2.2  SSW  1.61  0.00  0.0  1017.6 
DAVAD   200902171900  10.0  57  0.4  SE  3.1  SW  1.61  0.00  0.0  1017.2 
DAVAD   200902172000  9.4  62  0.4  SE  2.2  SSW  1.61  0.00  0.0  1016.9 
DAVAD   200902172100  8.3  65  0.0  SE  0.9  SE  0.00  0.00  0.0  1016.5 
DAVAD   200902172200  7.9  68  0.0  SE  0.4  SE  0.00  0.00  0.0  1016.3 
DAVAD   200902172300  8.1  70  0.0  M  0.0  M  0.00  0.00  0.0  1015.8 
DAVAD   200902180000  9.9  66  0.0  W  3.1  WSW  0.00  0.00  0.0  1015.4 
DAVAD   200902180100  11.4  59  3.1  W  5.8  WNW  11.27  0.00  0.0  1015.3 
DAVAD   200902180200  11.2  62  2.2  W  5.8  WNW  8.05  0.00  0.0  1015.1 
DAVAD   200902180300  11.3  58  1.8  W  5.4  W  6.44  0.00  0.0  1015.1 
DAVAD   200902180400  11.3  56  1.8  W  6.3  WNW  6.44  0.00  0.0  1014.8 
DAVAD   200902180500  11.3  58  2.2  W  6.3  WNW  8.05  0.00  0.0  1014.8 
DAVAD   200902180600  11.2  60  0.9  W  4.5  W  3.22  0.00  0.0  1014.9 
DAVAD   200902180700  10.9  64  0.9  SE  6.3  S  3.22  0.20  0.0  1015.0 
DAVAD   200902180800  12.5  65  1.3  SE  5.8  SSW  4.83  0.00  0.0  1014.9 
DAVAD   200902180900  14.3  59  0.9  SE  4.9  SE  3.22  0.00  0.0  1014.8 
DAVAD   200902181000  12.4  67  1.3  SE  6.3  SSE  4.83  0.00  0.0  1014.1 
DAVAD   200902181100  13.3  68  2.7  ESE  7.6  ESE  9.66  0.00  0.0  1013.3 
DAVAD   200902181200  13.0  67  2.7  ESE  7.2  SE  9.66  0.00  0.0  1012.5 
DAVAD   200902181300  11.6  73  1.8  ESE  6.7  ESE  6.44  0.00  0.0  1012.5 
DAVAD   200902181400  11.7  72  0.9  ESE  4.5  ESE  3.22  1.40  21.2  1011.9 
DAVAD   200902181500  11.9  71  0.9  SE  4.9  SSE  3.22  0.00  0.0  1011.4 
DAVAD   200902181600  11.8  66  0.9  SE  4.5  SE  3.22  0.00  0.0  1011.6 
DAVAD   200902181700  12.1  66  0.9  W  4.9  WSW  3.22  0.00  0.0  1011.6 
DAVAD   200902181800  12.4  64  0.9  WNW  6.3  S  3.22  0.00  0.0  1011.7 
DAVAD   200902181900  12.7  65  0.9  W  4.9  SSW  3.22  0.00  0.0  1011.8 
DAVAD   200902182000  12.7  65  0.9  SE  5.8  WSW  3.22  0.00  0.0  1011.6 
DAVAD   200902182100  12.7  65  0.9  WNW  5.4  SW  3.22  0.00  0.0  1011.0 
DAVAD   200902182200  12.6  65  1.3  NE  4.9  SW  4.83  0.00  0.0  1010.6 
DAVAD   200902182300  12.7  69  0.9  NNE  5.4  W  3.22  0.00  0.0  1010.0 
DAVAD   200902190000  12.7  67  1.3  SSW  6.7  SSE  4.83  0.00  0.0  1009.2 
DAVAD   200902190100  12.5  69  1.3  E  5.4  SW  4.83  0.00  0.0  1008.5 
DAVAD   200902190200  12.8  63  1.3  SE  5.8  S  4.83  0.00  0.0  1008.2 
DAVAD   200902190300  12.9  69  1.3  SE  8.0  SSW  4.83  0.00  0.0  1007.6 
DAVAD   200902190400  13.1  65  1.8  NE  6.7  SW  6.44  0.00  0.0  1006.7 
DAVAD   200902190500  13.4  68  1.8  NE  6.7  S  6.44  0.00  0.0  1005.9 
DAVAD   200902190600  12.4  74  2.2  ESE  10.3  WSW  8.05  0.20  0.0  1006.5 
DAVAD   200902190700  10.0  81  3.1  WNW  8.9  SE  11.27  4.00  12.4  1005.5 
DAVAD   200902190800  11.7  77  3.6  ESE  10.7  SE  12.87  0.20  2.4  1006.2 
DAVAD   200902190900  13.3  75  2.2  ESE  8.5  S  8.05  0.00  0.0  1006.1 
DAVAD   200902191000  14.2  69  2.2  WNW  8.9  WSW  8.05  0.00  0.0  1005.4 
DAVAD   200902191100  13.3  56  5.4  W  9.8  WSW  19.31  0.00  0.0  1005.2 
DAVAD   200902191200  13.6  53  6.7  W  11.6  WSW  24.14  0.00  0.0  1004.8 
DAVAD   200902191300  12.6  64  7.6  W  13.9  W  27.36  0.00  0.0  1005.0 
DAVAD   200902191400  12.4  62  6.7  WNW  11.6  WNW  24.14  0.00  0.0  1005.3 
DAVAD   200902191500  12.1  63  5.8  WNW  11.2  WNW  20.92  0.00  0.0  1005.7 
DAVAD   200902191600  11.6  60  5.4  W  9.8  W  19.31  0.00  0.0  1005.8 
DAVAD   200902191700  11.7  59  5.4  W  9.4  WNW  19.31  0.00  0.0  1006.1 
DAVAD   200902191800  11.2  57  5.4  WNW  11.2  W  19.31  0.00  0.0  1006.6 
DAVAD   200902191900  10.9  59  4.5  WNW  9.4  WNW  16.09  0.00  0.0  1006.6 
DAVAD   200902192000  10.4  63  5.8  WNW  9.8  NW  20.92  0.00  0.0  1007.2 
DAVAD   200902192100  10.2  64  6.3  WNW  9.4  WNW  22.53  0.00  0.0  1007.5 
DAVAD   200902192200  10.1  63  5.4  WNW  10.3  WNW  19.31  0.00  0.0  1007.6 
DAVAD   200902192300  10.3  60  5.4  WNW  8.9  W  19.31  0.00  0.0  1007.6 
DAVAD   200902200000  9.9  59  4.9  WNW  9.4  W  17.70  0.00  0.0  1007.3 
DAVAD   200902200100  9.9  60  4.5  WNW  8.5  WNW  16.09  0.00  0.0  1006.8 
DAVAD   200902200200  9.8  63  5.4  WNW  9.4  WNW  19.31  0.00  0.0  1006.5 
DAVAD   200902200300  9.6  64  4.9  WNW  10.3  W  17.70  0.20  0.0  1006.5 
DAVAD   200902200400  8.8  63  5.4  WNW  13.0  WNW  19.31  0.20  0.0  1006.8 
DAVAD   200902200500  8.6  62  5.8  WNW  13.9  W  20.92  0.20  0.0  1007.1 
DAVAD   200902200600  8.7  59  6.3  WNW  12.1  WNW  22.53  0.00  0.0  1007.5 
DAVAD   200902200700  7.7  68  5.4  WNW  11.6  WNW  19.31  0.00  0.0  1008.5 
DAVAD   200902200800  7.9  62  5.8  WNW  10.7  WNW  20.92  0.00  0.0  1008.9 
DAVAD   200902200900  8.1  58  5.4  NW  10.7  NNW  19.31  0.00  0.0  1009.3 
DAVAD   200902201000  8.2  58  5.4  NW  10.7  WNW  19.31  0.00  0.0  1009.6 
DAVAD   200902201100  7.5  56  6.7  WNW  15.2  WNW  24.14  0.00  0.0  1009.6 
DAVAD   200902201200  7.8  55  5.4  WNW  12.1  W  19.31  0.00  0.0  1009.5 
DAVAD   200902201300  8.7  54  4.9  WNW  9.8  W  17.70  0.00  0.0  1009.5 
DAVAD   200902201400  8.7  57  5.4  WNW  10.7  W  19.31  0.00  0.0  1009.6 
DAVAD   200902201500  8.5  58  5.8  WNW  11.2  NW  20.92  0.00  0.0  1009.8 
DAVAD   200902201600  8.7  61  6.7  WNW  13.9  WNW  24.14  0.00  0.0  1010.2 
DAVAD   200902201700  8.7  61  8.0  WNW  14.8  WNW  28.97  0.00  0.0  1010.5 
DAVAD   200902201800  8.7  59  7.2  NW  15.2  WNW  25.75  0.00  0.0  1011.0 
DAVAD   200902201900  8.7  59  6.7  NW  12.1  WNW  24.14  0.00  0.0  1011.8 
DAVAD   200902202000  9.0  59  6.3  NW  12.1  NNW  22.53  0.00  0.0  1012.6 
DAVAD   200902202100  8.9  59  6.3  WNW  11.6  WNW  22.53  0.00  0.0  1013.0 
DAVAD   200902202200  7.8  70  4.9  NW  11.2  WNW  17.70  0.00  0.0  1013.4 
DAVAD   200902202300  8.2  71  3.1  N  8.0  NW  11.27  0.00  0.0  1013.9 
DAVAD   200902210000  7.5  74  4.5  NNE  10.7  NW  16.09  0.00  0.0  1014.7 
DAVAD   200902210100  7.3  79  5.4  NW  10.7  WNW  19.31  0.20  0.0  1014.8 
DAVAD   200902210200  6.7  81  4.5  NW  10.7  WNW  16.09  1.80  15.6  1015.0 
DAVAD   200902210300  7.2  80  4.9  NW  10.7  NW  17.70  0.40  2.2  1015.2 
DAVAD   200902210400  7.0  78  5.4  NW  10.7  NW  19.31  0.00  0.0  1015.6 
DAVAD   200902210500  6.9  82  5.4  NW  11.2  WNW  19.31  0.80  3.4  1016.1 
DAVAD   200902210600  7.6  77  4.5  NNE  11.6  WNW  16.09  0.00  0.0  1016.5 
DAVAD   200902210700  7.2  78  4.0  NNE  11.2  NW  14.48  0.00  0.0  1017.6 
DAVAD   200902210800  6.7  82  4.5  NNE  10.7  NNE  16.09  1.20  7.2  1018.1 
DAVAD   200902210900  8.1  77  4.9  NW  13.4  N  17.70  0.20  0.0  1018.1 
DAVAD   200902211000  8.0  75  4.5  N  10.7  NE  16.09  0.00  0.0  1018.2 
DAVAD   200902211100  8.1  74  4.5  NNW  11.6  WNW  16.09  0.00  0.0  1018.3 
DAVAD   200902211200  8.0  75  4.5  NNE  10.3  NE  16.09  0.00  0.0  1017.9 
DAVAD   200902211300  7.7  79  3.6  NNE  8.5  NNE  12.87  0.00  0.0  1017.7 
DAVAD   200902211400  8.6  72  3.6  NW  8.9  WNW  12.87  0.00  0.0  1017.6 
DAVAD   200902211500  7.7  74  3.6  N  9.4  NW  12.87  0.00  0.0  1017.7 
DAVAD   200902211600  7.9  72  2.7  NE  7.6  NNE  9.66  0.00  0.0  1017.6 
DAVAD   200902211700  8.3  69  3.1  N  7.6  NW  11.27  0.00  0.0  1017.6 
DAVAD   200902211800  8.3  72  3.1  NNE  7.6  NE  11.27  0.00  0.0  1017.5 
DAVAD   200902211900  8.3  69  3.6  N  7.6  NW  12.87  0.00  0.0  1017.7 
DAVAD   200902212000  8.4  65  4.0  N  9.4  N  14.48  0.00  0.0  1017.9 
DAVAD   200902212100  8.4  65  4.0  N  7.6  N  14.48  0.00  0.0  1017.5 
DAVAD   200902212200  8.6  63  2.7  NNE  7.2  N  9.66  0.00  0.0  1017.6 
DAVAD   200902212300  6.9  78  3.1  NW  9.4  WNW  11.27  1.20  6.0  1017.5 
DAVAD   200902220000  7.1  80  2.2  NW  8.5  NNW  8.05  1.20  8.8  1016.9 
DAVAD   200902220100  7.6  77  2.7  NNE  7.2  NE  9.66  0.00  0.0  1016.3 
DAVAD   200902220200  7.6  73  3.6  N  6.3  NE  12.87  0.00  0.0  1015.6 
DAVAD   200902220300  7.5  74  2.7  NNE  8.0  NW  9.66  0.00  0.0  1015.5 
DAVAD   200902220400  7.3  70  3.1  NNE  8.5  NE  11.27  0.00  0.0  1015.4 
DAVAD   200902220500  7.1  69  2.7  NNE  7.2  NE  9.66  0.00  0.0  1015.4 
DAVAD   200902220600  7.5  70  2.2  NNE  6.7  N  8.05  0.00  0.0  1015.3 
DAVAD   200902220700  7.8  72  2.2  NE  6.3  NE  8.05  0.00  0.0  1015.4 
DAVAD   200902220800  8.7  70  2.7  NE  5.8  N  9.66  0.00  0.0  1015.2 
DAVAD   200902220900  9.4  64  2.2  N  5.8  NE  8.05  0.00  0.0  1015.0 
DAVAD   200902221000  9.8  57  3.1  NW  7.2  N  11.27  0.00  0.0  1014.3 
DAVAD   200902221100  9.3  64  3.1  NE  6.7  WNW  11.27  0.00  0.0  1013.8 
DAVAD   200902221200  7.1  73  2.7  ENE  6.7  ENE  9.66  0.60  1.0  1013.5 
DAVAD   200902221300  6.2  79  3.1  E  6.7  E  11.27  0.80  3.2  1013.3 
DAVAD   200902221400  8.1  72  1.3  E  4.5  NE  4.83  0.00  0.0  1012.9 
DAVAD   200902221500  7.7  70  1.8  E  5.8  NE  6.44  0.00  0.0  1012.7 
DAVAD   200902221600  7.5  73  1.8  ESE  3.1  E  6.44  0.00  0.0  1012.5 
DAVAD   200902221700  6.5  75  0.4  E  1.3  ESE  1.61  0.00  0.0  1012.0 
DAVAD   200902221800  5.9  74  0.9  E  2.7  NE  3.22  0.00  0.0  1011.6 
DAVAD   200902221900  7.1  75  1.8  NE  4.5  NE  6.44  0.00  0.0  1011.4 
DAVAD   200902222000  7.7  67  1.8  ENE  5.4  ENE  6.44  0.00  0.0  1011.3 
DAVAD   200902222100  7.9  59  1.3  ENE  4.0  E  4.83  0.00  0.0  1010.9 
DAVAD   200902222200  7.1  67  0.4  ENE  1.8  ENE  1.61  0.00  0.0  1010.6 
DAVAD   200902222300  6.9  78  3.6  WNW  8.9  WNW  12.87  0.00  0.0  1010.4 
DAVAD   200902230000  6.2  78  0.9  ENE  6.3  W  3.22  0.00  0.0  1010.1 
DAVAD   200902230100  6.0  78  0.4  ENE  1.8  ENE  1.61  0.00  0.0  1009.7 
DAVAD   200902230200  6.3  80  1.3  NE  5.8  NE  4.83  0.00  0.0  1009.2 
DAVAD   200902230300  6.2  80  2.2  E  5.4  E  8.05  0.60  1.2  1009.1 
DAVAD   200902230400  6.4  79  2.2  E  5.4  ESE  8.05  0.20  0.0  1009.0 
DAVAD   200902230500  6.4  78  1.8  E  4.9  E  6.44  0.00  0.0  1009.0 
DAVAD   200902230600  5.9  80  1.3  NW  4.0  NNE  4.83  0.20  0.0  1009.0 
DAVAD   200902230700  6.8  83  0.0  ENE  1.8  N  0.00  0.20  0.0  1008.7 
DAVAD   200902230800  7.6  80  1.3  NW  5.8  NE  4.83  0.00  0.0  1008.6 
DAVAD   200902230900  7.9  75  2.2  N  6.3  NNE  8.05  0.00  0.0  1008.8 
DAVAD   200902231000  8.1  75  3.1  NE  8.5  NNW  11.27  0.00  0.0  1008.5 
DAVAD   200902231100  6.8  77  4.0  E  8.9  E  14.48  0.00  0.0  1008.6 
DAVAD   200902231200  7.2  76  4.9  E  10.3  NE  17.70  0.00  0.0  1008.1 
DAVAD   200902231300  6.4  80  3.6  E  7.6  NE  12.87  1.60  5.6  1008.6 
DAVAD   200902231400  5.6  81  2.7  ENE  7.2  ENE  9.66  1.80  6.4  1008.8 
DAVAD   200902231500  7.2  72  3.1  N  8.9  N  11.27  0.20  1.4  1008.5 
DAVAD   200902231600  7.1  76  3.6  E  7.6  E  12.87  0.80  16.0  1009.0 
DAVAD   200902231700  7.7  75  3.1  E  9.4  N  11.27  1.00  18.0  1009.7 
DAVAD   200902231800  7.3  75  4.9  NNE  12.1  NNE  17.70  0.00  0.0  1010.1 
DAVAD   200902231900  7.7  75  4.9  NNE  11.2  NNE  17.70  0.40  0.8  1010.3 
DAVAD   200902232000  6.4  81  4.5  NE  11.6  N  16.09  0.60  2.0  1010.9 
DAVAD   200902232100  8.2  65  5.4  NNE  11.2  NE  19.31  0.00  0.0  1011.2 
DAVAD   200902232200  8.0  62  4.0  NNE  9.8  NE  14.48  0.00  0.0  1011.4 
DAVAD   200902232300  8.2  64  4.9  NNE  9.8  NNE  17.70  0.00  0.0  1012.1 
DAVAD   200902240000  8.1  60  4.9  NNE  8.9  NE  17.70  0.00  0.0  1012.1 
DAVAD   200902240100  8.1  62  4.0  NNE  10.3  NNE  14.48  0.00  0.0  1012.0 
DAVAD   200902240200  7.7  63  3.6  NNE  8.5  NNE  12.87  0.00  0.0  1012.1 
DAVAD   200902240300  7.6  60  2.2  NNE  6.3  NNE  8.05  0.00  0.0  1012.3 
DAVAD   200902240400  7.7  64  3.6  NNE  8.0  NNE  12.87  0.00  0.0  1012.5 
DAVAD   200902240500  7.4  69  3.1  N  8.9  NW  11.27  0.00  0.0  1012.9 
DAVAD   200902240600  7.9  62  3.6  NNE  8.0  NNE  12.87  0.00  0.0  1013.9 
DAVAD   200902240700  7.2  71  3.1  NNE  11.2  NNE  11.27  0.00  0.0  1014.7 
DAVAD   200902240800  8.5  70  1.8  NE  9.4  NNE  6.44  0.00  0.0  1014.7 
DAVAD   200902240900  10.4  61  2.7  N  8.0  NE  9.66  0.00  0.0  1015.1 
DAVAD   200902241000  10.2  57  2.7  NNE  7.6  N  9.66  0.00  0.0  1015.5 
DAVAD   200902241100  10.2  60  3.1  N  8.5  NW  11.27  0.00  0.0  1014.9 
DAVAD   200902241200  11.1  54  3.1  NW  8.0  WNW  11.27  0.00  0.0  1014.7 
DAVAD   200902241300  10.3  56  3.6  N  7.6  N  12.87  0.00  0.0  1014.5 
DAVAD   200902241400  9.9  58  3.1  N  6.7  NNE  11.27  0.00  0.0  1014.6 
DAVAD   200902241500  9.5  59  2.2  NE  5.8  NNE  8.05  0.00  0.0  1014.9 
DAVAD   200902241600  8.6  62  1.8  N  5.4  NNE  6.44  0.00  0.0  1015.0 
DAVAD   200902241700  8.1  65  1.3  NNE  5.8  NNE  4.83  0.00  0.0  1015.2 
DAVAD   200902241800  7.7  65  0.9  NE  3.1  NE  3.22  0.00  0.0  1015.6 
DAVAD   200902241900  7.6  64  0.9  NE  2.7  NE  3.22  0.00  0.0  1015.5 
DAVAD   200902242000  7.4  64  0.9  NE  3.1  ENE  3.22  0.00  0.0  1015.6 
DAVAD   200902242100  7.4  63  0.9  ENE  2.7  NE  3.22  0.00  0.0  1015.5 
DAVAD   200902242200  7.3  66  0.4  ENE  1.8  ENE  1.61  0.00  0.0  1015.3 
DAVAD   200902242300  8.3  67  0.4  ENE  2.7  ENE  1.61  0.00  0.0  1015.2 
DAVAD   200902250000  8.1  71  0.9  ENE  2.7  NE  3.22  0.00  0.0  1015.3 
DAVAD   200902250100  8.0  72  0.9  ENE  1.8  NE  3.22  0.00  0.0  1014.7 
DAVAD   200902250200  8.5  74  0.9  ENE  5.8  NNE  3.22  0.00  0.0  1014.2 
DAVAD   200902250300  8.7  73  2.2  NE  6.3  NE  8.05  0.00  0.0  1013.9 
DAVAD   200902250400  9.5  65  2.2  NE  7.6  E  8.05  0.00  0.0  1013.6 
DAVAD   200902250500  9.9  59  2.2  ENE  8.5  E  8.05  0.00  0.0  1013.7 
DAVAD   200902250600  9.7  61  4.0  ENE  8.0  NE  14.48  0.00  0.0  1014.0 
DAVAD   200902250700  9.2  66  3.6  NE  7.6  ENE  12.87  0.00  0.0  1014.5 
DAVAD   200902250800  9.4  68  3.1  ENE  7.6  ENE  11.27  0.20  0.0  1014.4 
DAVAD   200902250900  10.0  63  3.6  ENE  8.0  ENE  12.87  0.00  0.0  1014.1 
DAVAD   200902251000  10.1  64  4.5  NE  12.1  N  16.09  0.00  0.0  1013.9 
DAVAD   200902251100  10.5  66  5.8  N  10.7  NNE  20.92  0.00  0.0  1013.2 
DAVAD   200902251200  10.6  65  5.8  N  11.6  N  20.92  0.00  0.0  1012.8 
DAVAD   200902251300  10.6  65  6.3  N  13.9  N  22.53  0.00  0.0  1012.8 
DAVAD   200902251400  10.6  65  7.2  N  13.4  N  25.75  0.00  0.0  1012.7 
DAVAD   200902251500  10.4  65  7.2  N  12.5  N  25.75  0.00  0.0  1013.0 
DAVAD   200902251600  10.4  63  6.7  N  13.0  N  24.14  0.00  0.0  1013.1 
DAVAD   200902251700  10.4  67  6.7  N  12.5  N  24.14  0.00  0.0  1013.4 
DAVAD   200902251800  9.8  69  6.7  NNE  14.3  NE  24.14  0.00  0.0  1013.6 
DAVAD   200902251900  9.8  70  7.6  N  13.9  N  27.36  0.20  0.0  1013.7 
DAVAD   200902252000  9.2  72  5.4  N  14.3  NNE  19.31  0.00  0.0  1014.1 
DAVAD   200902252100  9.0  69  6.3  NNE  13.4  NE  22.53  0.00  0.0  1014.6 
DAVAD   200902252200  9.2  65  7.2  NNE  13.0  NNE  25.75  0.00  0.0  1014.4 
DAVAD   200902252300  8.8  67  5.4  N  14.8  WNW  19.31  0.00  0.0  1014.3 
DAVAD   200902260000  8.3  71  5.4  N  13.0  NNW  19.31  0.00  0.0  1014.4 
DAVAD   200902260100  8.4  65  5.4  NNE  14.3  N  19.31  0.00  0.0  1014.1 
DAVAD   200902260200  8.5  65  6.7  NNE  13.4  NNE  24.14  0.00  0.0  1013.7 
DAVAD   200902260300  8.4  66  7.2  NNE  13.4  NNE  25.75  0.00  0.0  1013.5 
DAVAD   200902260400  7.5  77  5.4  NW  13.9  N  19.31  0.20  0.0  1013.3 
DAVAD   200902260500  7.4  75  5.8  NNE  12.5  NNE  20.92  0.40  0.0  1013.7 
DAVAD   200902260600  7.6  74  7.2  NNE  15.6  NNE  25.75  0.20  0.0  1013.6 
DAVAD   200902260700  7.9  72  6.7  NNE  13.4  NNE  24.14  0.00  0.0  1013.7 
DAVAD   200902260800  7.4  77  5.8  NNE  13.4  NNE  20.92  0.00  0.0  1013.9 
DAVAD   200902260900  7.7  75  6.3  NNE  14.8  N  22.53  0.20  0.0  1014.2 
DAVAD   200902261000  7.3  78  5.4  NNE  13.4  NNE  19.31  0.40  1.0  1014.2 
DAVAD   200902261100  8.0  71  7.2  NNE  14.8  NNW  25.75  0.20  0.0  1013.9 
DAVAD   200902261200  8.6  69  6.3  NNE  13.0  NE  22.53  0.00  0.0  1013.3 
DAVAD   200902261300  8.3  68  5.8  NW  16.1  WNW  20.92  0.00  0.0  1013.1 
DAVAD   200902261400  8.3  63  5.8  N  17.4  NNW  20.92  0.00  0.0  1013.3 
DAVAD   200902261500  8.2  62  5.4  N  12.5  NNE  19.31  0.00  0.0  1013.3 
DAVAD   200902261600  8.1  64  4.5  N  12.5  NNE  16.09  0.00  0.0  1013.4 
DAVAD   200902261700  7.2  69  5.4  NW  15.6  NW  19.31  0.00  0.0  1013.4 
DAVAD   200902261800  7.2  69  4.9  NNE  11.2  NW  17.70  0.00  0.0  1013.6 
DAVAD   200902261900  6.1  76  6.7  NW  14.8  NW  24.14  0.20  0.0  1014.3 
DAVAD   200902262000  6.9  72  5.8  NW  14.8  WNW  20.92  0.00  0.0  1013.9 
DAVAD   200902262100  6.7  67  5.4  NW  13.0  NW  19.31  0.20  0.0  1013.3 
DAVAD   200902262200  7.9  62  5.4  NW  17.9  NNW  19.31  0.00  0.0  1012.9 
DAVAD   200902262300  8.2  60  4.9  NW  12.5  NNW  17.70  0.00  0.0  1013.1 
DAVAD   200902270000  8.1  60  5.4  NW  13.0  NW  19.31  0.00  0.0  1012.5 
DAVAD   200902270100  8.1  56  5.4  NW  13.9  N  19.31  0.00  0.0  1012.2 
DAVAD   200902270200  8.1  55  5.4  NW  12.1  NW  19.31  0.00  0.0  1012.2 
DAVAD   200902270300  7.9  53  4.5  N  10.7  NW  16.09  0.00  0.0  1012.1 
DAVAD   200902270400  8.1  55  6.7  NW  13.9  NW  24.14  0.00  0.0  1012.8 
DAVAD   200902270500  8.2  53  6.7  NW  14.8  NW  24.14  0.00  0.0  1012.8 
DAVAD   200902270600  8.4  52  6.7  NW  14.3  NW  24.14  0.00  0.0  1013.2 
DAVAD   200902270700  8.7  57  4.9  NNE  12.5  NE  17.70  0.00  0.0  1013.6 
DAVAD   200902270800  8.6  58  4.9  NNE  9.4  NNW  17.70  0.00  0.0  1013.5 
DAVAD   200902270900  10.1  58  4.5  NNE  12.5  WNW  16.09  0.00  0.0  1013.5 
DAVAD   200902271000  9.8  57  4.5  NW  11.6  NNW  16.09  0.00  0.0  1013.6 
DAVAD   200902271100  10.1  57  4.9  NW  9.4  NNW  17.70  0.00  0.0  1013.3 
DAVAD   200902271200  10.1  58  5.4  NW  10.7  WNW  19.31  0.00  0.0  1012.6 
DAVAD   200902271300  10.5  59  4.5  NW  8.9  NW  16.09  0.00  0.0  1012.4 
DAVAD   200902271400  10.1  60  4.5  NW  8.9  NW  16.09  0.00  0.0  1012.1 
DAVAD   200902271500  10.2  61  3.6  NW  8.0  NW  12.87  0.00  0.0  1011.7 
DAVAD   200902271600  9.3  62  2.7  NW  6.7  NW  9.66  0.00  0.0  1011.9 
DAVAD   200902271700  8.8  62  1.3  NNE  4.5  N  4.83  0.00  0.0  1012.4 
DAVAD   200902271800  7.4  67  0.4  NNE  4.5  WNW  1.61  0.00  0.0  1012.7 
DAVAD   200902271900  8.5  63  0.4  ESE  4.9  N  1.61  0.00  0.0  1012.7 
DAVAD   200902272000  9.1  61  1.3  NW  5.8  N  4.83  0.00  0.0  1012.5 
DAVAD   200902272100  9.1  61  1.3  NNW  4.5  NNW  4.83  0.00  0.0  1012.6 
DAVAD   200902272200  9.5  64  2.2  NW  5.4  NW  8.05  0.00  0.0  1012.6 
DAVAD   200902272300  9.7  64  2.7  NW  5.8  WNW  9.66  0.00  0.0  1012.6 
DAVAD   200902280000  9.4  59  1.8  NNE  5.8  WNW  6.44  0.00  0.0  1012.6 
DAVAD   200902280100  9.3  59  2.2  NW  6.7  NNE  8.05  0.00  0.0  1012.5 
DAVAD   200902280200  9.1  59  2.2  NNW  6.3  N  8.05  0.00  0.0  1012.3 
DAVAD   200902280300  9.3  61  1.8  NNW  6.7  NW  6.44  0.00  0.0  1012.2 
DAVAD   200902280400  8.8  57  2.2  NNE  5.8  NE  8.05  0.00  0.0  1012.4 
DAVAD   200902280500  8.7  59  1.3  NE  7.2  N  4.83  0.00  0.0  1012.9 
DAVAD   200902280600  7.2  72  3.1  NNE  8.5  NW  11.27  0.20  0.0  1013.1 
DAVAD   200902280700  9.2  69  2.2  NW  5.4  NNE  8.05  0.00  0.0  1013.2 
DAVAD   200902280800  10.4  66  3.6  NW  8.0  WNW  12.87  0.00  0.0  1013.6 
DAVAD   200902280900  10.2  65  4.0  NW  7.6  NW  14.48  0.00  0.0  1014.1 
DAVAD   200902281000  10.3  65  4.5  NNE  10.7  NNE  16.09  0.00  0.0  1014.7 
DAVAD   200902281100  9.7  65  4.5  N  11.2  NW  16.09  0.00  0.0  1014.9 
DAVAD   200902281200  8.4  72  4.0  NE  14.3  WNW  14.48  0.20  0.0  1015.4 
DAVAD   200902281300  8.8  67  5.4  N  13.4  WNW  19.31  0.00  0.0  1015.8 
DAVAD   200902281400  9.5  64  6.3  N  13.9  N  22.53  0.00  0.0  1016.2 
DAVAD   200902281500  9.2  66  3.6  NE  8.5  NE  12.87  0.00  0.0  1016.3 
DAVAD   200902281600  8.8  70  3.6  NW  10.3  NNW  12.87  0.00  0.0  1016.9 
DAVAD   200902281700  9.6  63  2.7  N  8.5  NNE  9.66  0.00  0.0  1017.6 
DAVAD   200902281800  9.3  64  2.7  NW  7.2  NW  9.66  0.00  0.0  1018.2 
DAVAD   200902281900  9.5  59  1.8  NNW  5.4  NNW  6.44  0.00  0.0  1019.0 
DAVAD   200902282000  10.1  54  3.1  NW  8.0  NW  11.27  0.00  0.0  1018.9 
DAVAD   200902282100  9.7  54  2.7  NNE  9.8  NNE  9.66  0.00  0.0  1019.5 
DAVAD   200902282200  9.9  54  2.2  NNE  5.8  N  8.05  0.00  0.0  1019.6 